    0.13052619   -0.38268343   -0.79335334   -0.99144486   -0.92387953   -0.60876143   -0.13052619    0.38268343    0.79335334    0.99144486    0.92387953    0.60876143
   -0.38268343   -0.79335334   -0.99144486   -0.92387953   -0.60876143   -0.13052619    0.38268343    0.79335334    0.99144486    0.92387953    0.60876143    0.13052619
   -0.79335334   -0.99144486   -0.92387953   -0.60876143   -0.13052619    0.38268343    0.79335334    0.99144486    0.92387953    0.60876143    0.13052619   -0.38268343
   -0.99144486   -0.92387953   -0.60876143   -0.13052619    0.38268343    0.79335334    0.99144486    0.92387953    0.60876143    0.13052619   -0.38268343   -0.79335334
   -0.92387953   -0.60876143   -0.13052619    0.38268343    0.79335334    0.99144486    0.92387953    0.60876143    0.13052619   -0.38268343   -0.79335334   -0.99144486
   -0.60876143   -0.13052619    0.38268343    0.79335334    0.99144486    0.92387953    0.60876143    0.13052619   -0.38268343   -0.79335334   -0.99144486   -0.92387953
   -0.13052619    0.38268343    0.79335334    0.99144486    0.92387953    0.60876143    0.13052619   -0.38268343   -0.79335334   -0.99144486   -0.92387953   -0.60876143
    0.38268343    0.79335334    0.99144486    0.92387953    0.60876143    0.13052619   -0.38268343   -0.79335334   -0.99144486   -0.92387953   -0.60876143   -0.13052619
    0.79335334    0.99144486    0.92387953    0.60876143    0.13052619   -0.38268343   -0.79335334   -0.99144486   -0.92387953   -0.60876143   -0.13052619    0.38268343
    0.99144486    0.92387953    0.60876143    0.13052619   -0.38268343   -0.79335334   -0.99144486   -0.92387953   -0.60876143   -0.13052619    0.38268343    0.79335334
    0.92387953    0.60876143    0.13052619   -0.38268343   -0.79335334   -0.99144486   -0.92387953   -0.60876143   -0.13052619    0.38268343    0.79335334    0.99144486
    0.60876143    0.13052619   -0.38268343   -0.79335334   -0.99144486   -0.92387953   -0.60876143   -0.13052619    0.38268343    0.79335334    0.99144486    0.92387953
