1.045284632676534431e-01 -1.391731009600654656e-01 -3.746065934159120703e-01 -5.877852522924731371e-01 -7.660444431189781245e-01 -8.987940462991669266e-01 -9.781476007338056888e-01 -9.993908270190957621e-01 -9.612616959383187831e-01 -8.660254037844385966e-01 -7.193398003386507478e-01 -5.299192642332050118e-01 -3.090169943749471182e-01 -6.975647374412508039e-02 1.736481776669304700e-01 4.067366430757998197e-01 6.156614753256585137e-01 7.880107536067221252e-01 9.135454576426009776e-01 9.848077530122080203e-01 9.975640502598243087e-01 9.510565162951533091e-01 8.480480961564261788e-01 6.946583704589975872e-01 4.999999999999996669e-01 2.756373558169981086e-01 3.489949670250082348e-02 -2.079116908177593703e-01 -4.383711467890781810e-01 -6.427876096865392519e-01 -8.090169943749477843e-01 -9.271838545667872022e-01 -9.902680687415703620e-01 -9.945218953682732899e-01 -9.396926207859086499e-01 -8.290375725550416242e-01
4.383711467890774038e-01 2.079116908177592871e-01 -3.489949670250101776e-02 -2.756373558169992188e-01 -5.000000000000001110e-01 -6.946583704589973651e-01 -8.480480961564260678e-01 -9.510565162951535312e-01 -9.975640502598243087e-01 -9.848077530122080203e-01 -9.135454576426006446e-01 -7.880107536067220142e-01 -6.156614753256580697e-01 -4.067366430758000417e-01 -1.736481776669302757e-01 6.975647374412483059e-02 3.090169943749477288e-01 5.299192642332054559e-01 7.193398003386508588e-01 8.660254037844388186e-01 9.612616959383192272e-01 9.993908270190957621e-01 9.781476007338055778e-01 8.987940462991670376e-01 7.660444431189781245e-01 5.877852522924725820e-01 3.746065934159123478e-01 1.391731009600649938e-01 -1.045284632676538178e-01 -3.420201433256689350e-01 -5.591929034707469048e-01 -7.431448254773936890e-01 -8.829475928589268774e-01 -9.702957262759965840e-01 -1.000000000000000000e+00 -9.702957262759963619e-01
7.193398003386510808e-01 5.299192642332049008e-01 3.090169943749473402e-01 6.975647374412523305e-02 -1.736481776669305810e-01 -4.067366430758002638e-01 -6.156614753256585137e-01 -7.880107536067220142e-01 -9.135454576426009776e-01 -9.848077530122081313e-01 -9.975640502598241977e-01 -9.510565162951535312e-01 -8.480480961564256237e-01 -6.946583704589968100e-01 -4.999999999999995559e-01 -2.756373558169988303e-01 -3.489949670250025449e-02 2.079116908177599254e-01 4.383711467890778479e-01 6.427876096865399180e-01 8.090169943749478954e-01 9.271838545667879794e-01 9.902680687415703620e-01 9.945218953682732899e-01 9.396926207859083169e-01 8.290375725550410690e-01 6.691306063588581265e-01 4.694715627858900286e-01 2.419218955996661202e-01 2.449293598294706414e-16 -2.419218955996682296e-01 -4.694715627858903617e-01 -6.691306063588584596e-01 -8.290375725550418462e-01 -9.396926207859080948e-01 -9.945218953682732899e-01
9.135454576426007556e-01 7.880107536067219032e-01 6.156614753256581807e-01 4.067366430758001528e-01 1.736481776669300536e-01 -6.975647374412539958e-02 -3.090169943749476733e-01 -5.299192642332050118e-01 -7.193398003386513029e-01 -8.660254037844388186e-01 -9.612616959383190052e-01 -9.993908270190957621e-01 -9.781476007338054668e-01 -8.987940462991667046e-01 -7.660444431189780135e-01 -5.877852522924732481e-01 -3.746065934159114041e-01 -1.391731009600648827e-01 1.045284632676534986e-01 3.420201433256694901e-01 5.591929034707474599e-01 7.431448254773949103e-01 8.829475928589269884e-01 9.702957262759964729e-01 1.000000000000000000e+00 9.702957262759963619e-01 8.829475928589267664e-01 7.431448254773940221e-01 5.591929034707459056e-01 3.420201433256686019e-01 1.045284632676525272e-01 -1.391731009600645219e-01 -3.746065934159126809e-01 -5.877852522924735812e-01 -7.660444431189777914e-01 -8.987940462991675927e-01
9.975640502598241977e-01 9.510565162951535312e-01 8.480480961564259568e-01 6.946583704589973651e-01 4.999999999999998335e-01 2.756373558169992188e-01 3.489949670250084429e-02 -2.079116908177592871e-01 -4.383711467890775149e-01 -6.427876096865395850e-01 -8.090169943749476733e-01 -9.271838545667873133e-01 -9.902680687415703620e-01 -9.945218953682732899e-01 -9.396926207859084279e-01 -8.290375725550417352e-01 -6.691306063588580155e-01 -4.694715627858906948e-01 -2.419218955996677300e-01 7.657137397853898870e-16 2.419218955996679243e-01 4.694715627858916385e-01 6.691306063588582376e-01 8.290375725550414021e-01 9.396926207859084279e-01 9.945218953682734009e-01 9.902680687415703620e-01 9.271838545667870912e-01 8.090169943749470072e-01 6.427876096865389188e-01 4.383711467890770153e-01 2.079116908177598699e-01 -3.489949670250033081e-02 -2.756373558170010507e-01 -5.000000000000007772e-01 -6.946583704589972541e-01
9.612616959383190052e-01 9.993908270190957621e-01 9.781476007338055778e-01 8.987940462991669266e-01 7.660444431189777914e-01 5.877852522924730261e-01 3.746065934159116817e-01 1.391731009600652991e-01 -1.045284632676537900e-01 -3.420201433256691570e-01 -5.591929034707474599e-01 -7.431448254773943551e-01 -8.829475928589272105e-01 -9.702957262759965840e-01 -1.000000000000000000e+00 -9.702957262759964729e-01 -8.829475928589266553e-01 -7.431448254773939111e-01 -5.591929034707464607e-01 -3.420201433256680468e-01 -1.045284632676528602e-01 1.391731009600663815e-01 3.746065934159120148e-01 5.877852522924733591e-01 7.660444431189784575e-01 8.987940462991675927e-01 9.781476007338056888e-01 9.993908270190956511e-01 9.612616959383183390e-01 8.660254037844381525e-01 7.193398003386505257e-01 5.299192642332043457e-01 3.090169943749467851e-01 6.975647374412387303e-02 -1.736481776669307753e-01 -4.067366430758013185e-01
8.090169943749474513e-01 9.271838545667874243e-01 9.902680687415702510e-01 9.945218953682732899e-01 9.396926207859083169e-01 8.290375725550417352e-01 6.691306063588580155e-01 4.694715627858908058e-01 2.419218955996675358e-01 -3.487868498008631764e-16 -2.419218955996682296e-01 -4.694715627858908058e-01 -6.691306063588585706e-01 -8.290375725550418462e-01 -9.396926207859084279e-01 -9.945218953682732899e-01 -9.902680687415702510e-01 -9.271838545667873133e-01 -8.090169943749474513e-01 -6.427876096865388078e-01 -4.383711467890769042e-01 -2.079116908177584266e-01 3.489949670250089980e-02 2.756373558169994409e-01 5.000000000000005551e-01 6.946583704589982533e-01 8.480480961564264009e-01 9.510565162951537532e-01 9.975640502598243087e-01 9.848077530122080203e-01 9.135454576426004225e-01 7.880107536067217922e-01 6.156614753256574035e-01 4.067366430757993201e-01 1.736481776669303867e-01 -6.975647374412603796e-02
5.591929034707469048e-01 7.431448254773944662e-01 8.829475928589270994e-01 9.702957262759964729e-01 1.000000000000000000e+00 9.702957262759964729e-01 8.829475928589267664e-01 7.431448254773941331e-01 5.591929034707464607e-01 3.420201433256682133e-01 1.045284632676527492e-01 -1.391731009600656321e-01 -3.746065934159126809e-01 -5.877852522924735812e-01 -7.660444431189782355e-01 -8.987940462991670376e-01 -9.781476007338057999e-01 -9.993908270190957621e-01 -9.612616959383187831e-01 -8.660254037844382635e-01 -7.193398003386507478e-01 -5.299192642332037906e-01 -3.090169943749471182e-01 -6.975647374412508039e-02 1.736481776669309141e-01 4.067366430758014295e-01 6.156614753256585137e-01 7.880107536067226803e-01 9.135454576426013107e-01 9.848077530122080203e-01 9.975640502598241977e-01 9.510565162951536422e-01 8.480480961564256237e-01 6.946583704589963659e-01 4.999999999999996669e-01 2.756373558169981086e-01
2.419218955996677300e-01 4.694715627858906948e-01 6.691306063588584596e-01 8.290375725550417352e-01 9.396926207859084279e-01 9.945218953682734009e-01 9.902680687415702510e-01 9.271838545667873133e-01 8.090169943749472292e-01 6.427876096865390299e-01 4.383711467890769042e-01 2.079116908177592871e-01 -3.489949670250154512e-02 -2.756373558169995519e-01 -5.000000000000001110e-01 -6.946583704589973651e-01 -8.480480961564262898e-01 -9.510565162951536422e-01 -9.975640502598243087e-01 -9.848077530122079093e-01 -9.135454576426006446e-01 -7.880107536067214591e-01 -6.156614753256580697e-01 -4.067366430758000417e-01 -1.736481776669298316e-01 6.975647374412616286e-02 3.090169943749477288e-01 5.299192642332054559e-01 7.193398003386518580e-01 8.660254037844388186e-01 9.612616959383192272e-01 9.993908270190957621e-01 9.781476007338055778e-01 8.987940462991665935e-01 7.660444431189781245e-01 5.877852522924725820e-01
-1.045284632676534986e-01 1.391731009600653268e-01 3.746065934159122368e-01 5.877852522924732481e-01 7.660444431189780135e-01 8.987940462991669266e-01 9.781476007338056888e-01 9.993908270190957621e-01 9.612616959383188942e-01 8.660254037844384856e-01 7.193398003386507478e-01 5.299192642332050118e-01 3.090169943749470072e-01 6.975647374412505264e-02 -1.736481776669304145e-01 -4.067366430758001528e-01 -6.156614753256585137e-01 -7.880107536067221252e-01 -9.135454576426008666e-01 -9.848077530122081313e-01 -9.975640502598241977e-01 -9.510565162951533091e-01 -8.480480961564260678e-01 -6.946583704589974761e-01 -4.999999999999995559e-01 -2.756373558169983862e-01 -3.489949670250114266e-02 2.079116908177599254e-01 4.383711467890782920e-01 6.427876096865392519e-01 8.090169943749478954e-01 9.271838545667873133e-01 9.902680687415703620e-01 9.945218953682732899e-01 9.396926207859083169e-01 8.290375725550416242e-01
-4.383711467890778479e-01 -2.079116908177599254e-01 3.489949670250114266e-02 2.756373558169988303e-01 4.999999999999999445e-01 6.946583704589971431e-01 8.480480961564260678e-01 9.510565162951535312e-01 9.975640502598241977e-01 9.848077530122080203e-01 9.135454576426007556e-01 7.880107536067221252e-01 6.156614753256580697e-01 4.067366430758001528e-01 1.736481776669304145e-01 -6.975647374412505264e-02 -3.090169943749476733e-01 -5.299192642332050118e-01 -7.193398003386510808e-01 -8.660254037844388186e-01 -9.612616959383188942e-01 -9.993908270190957621e-01 -9.781476007338056888e-01 -8.987940462991671486e-01 -7.660444431189780135e-01 -5.877852522924724710e-01 -3.746065934159122368e-01 -1.391731009600648827e-01 1.045284632676543729e-01 3.420201433256686574e-01 5.591929034707474599e-01 7.431448254773940221e-01 8.829475928589269884e-01 9.702957262759966950e-01 1.000000000000000000e+00 9.702957262759963619e-01
-7.193398003386508588e-01 -5.299192642332043457e-01 -3.090169943749468962e-01 -6.975647374412483059e-02 1.736481776669307198e-01 4.067366430758004303e-01 6.156614753256587358e-01 7.880107536067222362e-01 9.135454576426010886e-01 9.848077530122081313e-01 9.975640502598241977e-01 9.510565162951535312e-01 8.480480961564255127e-01 6.946583704589968100e-01 4.999999999999995559e-01 2.756373558169989413e-01 3.489949670250014346e-02 -2.079116908177599810e-01 -4.383711467890778479e-01 -6.427876096865400291e-01 -8.090169943749478954e-01 -9.271838545667879794e-01 -9.902680687415703620e-01 -9.945218953682732899e-01 -9.396926207859080948e-01 -8.290375725550410690e-01 -6.691306063588580155e-01 -4.694715627858899176e-01 -2.419218955996664533e-01 7.657137397853898870e-16 2.419218955996687848e-01 4.694715627858908613e-01 6.691306063588589037e-01 8.290375725550424013e-01 9.396926207859084279e-01 9.945218953682734009e-01
-9.135454576426009776e-01 -7.880107536067215701e-01 -6.156614753256578476e-01 -4.067366430757998197e-01 -1.736481776669295818e-01 6.975647374412552448e-02 3.090169943749479509e-01 5.299192642332050118e-01 7.193398003386514139e-01 8.660254037844390407e-01 9.612616959383191162e-01 9.993908270190957621e-01 9.781476007338054668e-01 8.987940462991668156e-01 7.660444431189777914e-01 5.877852522924730261e-01 3.746065934159114041e-01 1.391731009600649382e-01 -1.045284632676537900e-01 -3.420201433256694901e-01 -5.591929034707474599e-01 -7.431448254773950213e-01 -8.829475928589270994e-01 -9.702957262759964729e-01 -1.000000000000000000e+00 -9.702957262759961399e-01 -8.829475928589268774e-01 -7.431448254773935780e-01 -5.591929034707457946e-01 -3.420201433256684909e-01 -1.045284632676524161e-01 1.391731009600655211e-01 3.746065934159124033e-01 5.877852522924740253e-01 7.660444431189784575e-01 8.987940462991672597e-01
-9.975640502598241977e-01 -9.510565162951535312e-01 -8.480480961564259568e-01 -6.946583704589973651e-01 -4.999999999999993894e-01 -2.756373558169994409e-01 -3.489949670250089980e-02 2.079116908177593148e-01 4.383711467890776814e-01 6.427876096865394739e-01 8.090169943749476733e-01 9.271838545667874243e-01 9.902680687415703620e-01 9.945218953682732899e-01 9.396926207859083169e-01 8.290375725550417352e-01 6.691306063588577935e-01 4.694715627858904172e-01 2.419218955996675358e-01 -6.975736996017263527e-16 -2.419218955996682296e-01 -4.694715627858916940e-01 -6.691306063588583486e-01 -8.290375725550417352e-01 -9.396926207859085389e-01 -9.945218953682734009e-01 -9.902680687415702510e-01 -9.271838545667870912e-01 -8.090169943749466741e-01 -6.427876096865391409e-01 -4.383711467890765157e-01 -2.079116908177593148e-01 3.489949670250134389e-02 2.756373558170002736e-01 5.000000000000001110e-01 6.946583704589976982e-01
-9.612616959383187831e-01 -9.993908270190957621e-01 -9.781476007338055778e-01 -8.987940462991668156e-01 -7.660444431189779024e-01 -5.877852522924733591e-01 -3.746065934159120148e-01 -1.391731009600655211e-01 1.045284632676537345e-01 3.420201433256688794e-01 5.591929034707472379e-01 7.431448254773942441e-01 8.829475928589270994e-01 9.702957262759964729e-01 1.000000000000000000e+00 9.702957262759964729e-01 8.829475928589267664e-01 7.431448254773941331e-01 5.591929034707467938e-01 3.420201433256682133e-01 1.045284632676531100e-01 -1.391731009600663260e-01 -3.746065934159120703e-01 -5.877852522924730261e-01 -7.660444431189782355e-01 -8.987940462991673707e-01 -9.781476007338056888e-01 -9.993908270190957621e-01 -9.612616959383185611e-01 -8.660254037844385966e-01 -7.193398003386507478e-01 -5.299192642332050118e-01 -3.090169943749471182e-01 -6.975647374412463630e-02 1.736481776669304700e-01 4.067366430758005968e-01
-8.090169943749475623e-01 -9.271838545667874243e-01 -9.902680687415704730e-01 -9.945218953682732899e-01 -9.396926207859082059e-01 -8.290375725550414021e-01 -6.691306063588579045e-01 -4.694715627858904727e-01 -2.419218955996666476e-01 1.010643099614860578e-15 2.419218955996685905e-01 4.694715627858910834e-01 6.691306063588591257e-01 8.290375725550419572e-01 9.396926207859086499e-01 9.945218953682734009e-01 9.902680687415701399e-01 9.271838545667870912e-01 8.090169943749471182e-01 6.427876096865384747e-01 4.383711467890765712e-01 2.079116908177578993e-01 -3.489949670250154512e-02 -2.756373558169995519e-01 -5.000000000000007772e-01 -6.946583704589982533e-01 -8.480480961564262898e-01 -9.510565162951538642e-01 -9.975640502598243087e-01 -9.848077530122079093e-01 -9.135454576426004225e-01 -7.880107536067216811e-01 -6.156614753256577366e-01 -4.067366430757988205e-01 -1.736481776669298316e-01 6.975647374412616286e-02
-5.591929034707473489e-01 -7.431448254773940221e-01 -8.829475928589270994e-01 -9.702957262759965840e-01 -1.000000000000000000e+00 -9.702957262759962509e-01 -8.829475928589265443e-01 -7.431448254773940221e-01 -5.591929034707463497e-01 -3.420201433256682133e-01 -1.045284632676530545e-01 1.391731009600657432e-01 3.746065934159126254e-01 5.877852522924735812e-01 7.660444431189783465e-01 8.987940462991671486e-01 9.781476007338057999e-01 9.993908270190957621e-01 9.612616959383187831e-01 8.660254037844381525e-01 7.193398003386506367e-01 5.299192642332037906e-01 3.090169943749470072e-01 6.975647374412505264e-02 -1.736481776669311083e-01 -4.067366430758013740e-01 -6.156614753256585137e-01 -7.880107536067224583e-01 -9.135454576426014217e-01 -9.848077530122081313e-01 -9.975640502598241977e-01 -9.510565162951535312e-01 -8.480480961564256237e-01 -6.946583704589965880e-01 -4.999999999999995559e-01 -2.756373558169983862e-01
-2.419218955996678688e-01 -4.694715627858908058e-01 -6.691306063588587927e-01 -8.290375725550416242e-01 -9.396926207859083169e-01 -9.945218953682734009e-01 -9.902680687415702510e-01 -9.271838545667873133e-01 -8.090169943749467851e-01 -6.427876096865389188e-01 -4.383711467890770708e-01 -2.079116908177590650e-01 3.489949670250158675e-02 2.756373558169996629e-01 5.000000000000003331e-01 6.946583704589974761e-01 8.480480961564262898e-01 9.510565162951537532e-01 9.975640502598243087e-01 9.848077530122079093e-01 9.135454576426006446e-01 7.880107536067212370e-01 6.156614753256580697e-01 4.067366430758001528e-01 1.736481776669297483e-01 -6.975647374412645429e-02 -3.090169943749476733e-01 -5.299192642332055669e-01 -7.193398003386520800e-01 -8.660254037844388186e-01 -9.612616959383191162e-01 -9.993908270190957621e-01 -9.781476007338054668e-01 -8.987940462991665935e-01 -7.660444431189780135e-01 -5.877852522924724710e-01
