2.419218955996676745e-01 1.391731009600653823e-01 3.489949670250093450e-02 -6.975647374412539958e-02 -1.736481776669304145e-01 -2.756373558169992188e-01 -3.746065934159121258e-01 -4.694715627858909168e-01 -5.591929034707469048e-01 -6.427876096865393629e-01 -7.193398003386513029e-01 -7.880107536067220142e-01 -8.480480961564260678e-01 -8.987940462991670376e-01 -9.396926207859085389e-01 -9.702957262759965840e-01 -9.902680687415703620e-01 -9.993908270190957621e-01 -9.975640502598241977e-01 -9.848077530122080203e-01 -9.612616959383187831e-01 -9.271838545667870912e-01 -8.829475928589268774e-01 -8.290375725550417352e-01 -7.660444431189780135e-01 -6.946583704589968100e-01 -6.156614753256580697e-01 -5.299192642332045677e-01 -4.383711467890772928e-01 -3.420201433256684909e-01 -2.419218955996677300e-01 -1.391731009600648827e-01 -3.489949670250114266e-02 6.975647374412571877e-02 1.736481776669304700e-01 2.756373558169994409e-01
5.591929034707467938e-01 4.694715627858906948e-01 3.746065934159119593e-01 2.756373558169990523e-01 1.736481776669302479e-01 6.975647374412523305e-02 -3.489949670250110797e-02 -1.391731009600656321e-01 -2.419218955996678966e-01 -3.420201433256688794e-01 -4.383711467890776814e-01 -5.299192642332050118e-01 -6.156614753256585137e-01 -6.946583704589973651e-01 -7.660444431189782355e-01 -8.290375725550418462e-01 -8.829475928589270994e-01 -9.271838545667875353e-01 -9.612616959383188942e-01 -9.848077530122081313e-01 -9.975640502598243087e-01 -9.993908270190957621e-01 -9.902680687415702510e-01 -9.702957262759964729e-01 -9.396926207859082059e-01 -8.987940462991667046e-01 -8.480480961564258457e-01 -7.880107536067216811e-01 -7.193398003386510808e-01 -6.427876096865388078e-01 -5.591929034707464607e-01 -4.694715627858903062e-01 -3.746065934159117927e-01 -2.756373558169988303e-01 -1.736481776669302757e-01 -6.975647374412463630e-02
8.090169943749474513e-01 7.431448254773941331e-01 6.691306063588581265e-01 5.877852522924730261e-01 4.999999999999998335e-01 4.067366430758001528e-01 3.090169943749472292e-01 2.079116908177590928e-01 1.045284632676532766e-01 -1.743934249004315882e-16 -1.045284632676537900e-01 -2.079116908177594536e-01 -3.090169943749476733e-01 -4.067366430758004303e-01 -5.000000000000003331e-01 -5.877852522924733591e-01 -6.691306063588584596e-01 -7.431448254773943551e-01 -8.090169943749475623e-01 -8.660254037844388186e-01 -9.135454576426010886e-01 -9.510565162951537532e-01 -9.781476007338056888e-01 -9.945218953682734009e-01 -1.000000000000000000e+00 -9.945218953682732899e-01 -9.781476007338054668e-01 -9.510565162951535312e-01 -9.135454576426006446e-01 -8.660254037844382635e-01 -8.090169943749472292e-01 -7.431448254773935780e-01 -6.691306063588580155e-01 -5.877852522924724710e-01 -4.999999999999995559e-01 -4.067366430757996532e-01
9.612616959383188942e-01 9.271838545667873133e-01 8.829475928589268774e-01 8.290375725550416242e-01 7.660444431189780135e-01 6.946583704589971431e-01 6.156614753256580697e-01 5.299192642332047898e-01 4.383711467890772373e-01 3.420201433256685464e-01 2.419218955996673692e-01 1.391731009600652991e-01 3.489949670250067082e-02 -6.975647374412557999e-02 -1.736481776669307475e-01 -2.756373558169995519e-01 -3.746065934159123478e-01 -4.694715627858910834e-01 -5.591929034707470159e-01 -6.427876096865395850e-01 -7.193398003386516359e-01 -7.880107536067223473e-01 -8.480480961564260678e-01 -8.987940462991670376e-01 -9.396926207859085389e-01 -9.702957262759965840e-01 -9.902680687415703620e-01 -9.993908270190957621e-01 -9.975640502598241977e-01 -9.848077530122079093e-01 -9.612616959383187831e-01 -9.271838545667870912e-01 -8.829475928589268774e-01 -8.290375725550412911e-01 -7.660444431189780135e-01 -6.946583704589968100e-01
9.975640502598241977e-01 9.993908270190957621e-01 9.902680687415703620e-01 9.702957262759964729e-01 9.396926207859083169e-01 8.987940462991669266e-01 8.480480961564258457e-01 7.880107536067219032e-01 7.193398003386510808e-01 6.427876096865392519e-01 5.591929034707466828e-01 4.694715627858908058e-01 3.746065934159119037e-01 2.756373558169990523e-01 1.736481776669300536e-01 6.975647374412505264e-02 -3.489949670250119124e-02 -1.391731009600656321e-01 -2.419218955996678966e-01 -3.420201433256688794e-01 -4.383711467890778479e-01 -5.299192642332053449e-01 -6.156614753256582917e-01 -6.946583704589973651e-01 -7.660444431189782355e-01 -8.290375725550418462e-01 -8.829475928589270994e-01 -9.271838545667875353e-01 -9.612616959383188942e-01 -9.848077530122081313e-01 -9.975640502598243087e-01 -9.993908270190957621e-01 -9.902680687415702510e-01 -9.702957262759963619e-01 -9.396926207859084279e-01 -8.987940462991667046e-01
9.135454576426009776e-01 9.510565162951536422e-01 9.781476007338056888e-01 9.945218953682734009e-01 1.000000000000000000e+00 9.945218953682732899e-01 9.781476007338055778e-01 9.510565162951535312e-01 9.135454576426007556e-01 8.660254037844384856e-01 8.090169943749472292e-01 7.431448254773941331e-01 6.691306063588580155e-01 5.877852522924728040e-01 4.999999999999995559e-01 4.067366430757997642e-01 3.090169943749470072e-01 2.079116908177589540e-01 1.045284632676531100e-01 -3.487868498008631764e-16 -1.045284632676541370e-01 -2.079116908177599810e-01 -3.090169943749476733e-01 -4.067366430758004303e-01 -5.000000000000005551e-01 -5.877852522924735812e-01 -6.691306063588585706e-01 -7.431448254773945772e-01 -8.090169943749476733e-01 -8.660254037844390407e-01 -9.135454576426010886e-01 -9.510565162951537532e-01 -9.781476007338056888e-01 -9.945218953682734009e-01 -1.000000000000000000e+00 -9.945218953682732899e-01
7.193398003386510808e-01 7.880107536067220142e-01 8.480480961564260678e-01 8.987940462991671486e-01 9.396926207859084279e-01 9.702957262759964729e-01 9.902680687415703620e-01 9.993908270190957621e-01 9.975640502598241977e-01 9.848077530122080203e-01 9.612616959383187831e-01 9.271838545667873133e-01 8.829475928589267664e-01 8.290375725550416242e-01 7.660444431189777914e-01 6.946583704589970321e-01 6.156614753256580697e-01 5.299192642332047898e-01 4.383711467890772373e-01 3.420201433256685464e-01 2.419218955996672027e-01 1.391731009600649382e-01 3.489949670250084429e-02 -6.975647374412539958e-02 -1.736481776669307475e-01 -2.756373558169995519e-01 -3.746065934159123478e-01 -4.694715627858910834e-01 -5.591929034707470159e-01 -6.427876096865398070e-01 -7.193398003386513029e-01 -7.880107536067223473e-01 -8.480480961564260678e-01 -8.987940462991671486e-01 -9.396926207859084279e-01 -9.702957262759965840e-01
4.383711467890776814e-01 5.299192642332050118e-01 6.156614753256584027e-01 6.946583704589974761e-01 7.660444431189783465e-01 8.290375725550417352e-01 8.829475928589270994e-01 9.271838545667875353e-01 9.612616959383190052e-01 9.848077530122081313e-01 9.975640502598243087e-01 9.993908270190957621e-01 9.902680687415702510e-01 9.702957262759963619e-01 9.396926207859082059e-01 8.987940462991668156e-01 8.480480961564256237e-01 7.880107536067216811e-01 7.193398003386507478e-01 6.427876096865390299e-01 5.591929034707462387e-01 4.694715627858901397e-01 3.746065934159116817e-01 2.756373558169989413e-01 1.736481776669297483e-01 6.975647374412470569e-02 -3.489949670250154512e-02 -1.391731009600659930e-01 -2.419218955996682296e-01 -3.420201433256694901e-01 -4.383711467890778479e-01 -5.299192642332055669e-01 -6.156614753256585137e-01 -6.946583704589978092e-01 -7.660444431189782355e-01 -8.290375725550420682e-01
1.045284632676537345e-01 2.079116908177593148e-01 3.090169943749475068e-01 4.067366430758000417e-01 5.000000000000003331e-01 5.877852522924732481e-01 6.691306063588584596e-01 7.431448254773944662e-01 8.090169943749474513e-01 8.660254037844387076e-01 9.135454576426009776e-01 9.510565162951536422e-01 9.781476007338056888e-01 9.945218953682734009e-01 1.000000000000000000e+00 9.945218953682732899e-01 9.781476007338055778e-01 9.510565162951535312e-01 9.135454576426007556e-01 8.660254037844384856e-01 8.090169943749471182e-01 7.431448254773939111e-01 6.691306063588580155e-01 5.877852522924730261e-01 4.999999999999995559e-01 4.067366430757997642e-01 3.090169943749470072e-01 2.079116908177589540e-01 1.045284632676531100e-01 -6.975736996017263527e-16 -1.045284632676537900e-01 -2.079116908177599810e-01 -3.090169943749476733e-01 -4.067366430758007079e-01 -5.000000000000001110e-01 -5.877852522924735812e-01
-2.419218955996675080e-01 -1.391731009600655211e-01 -3.489949670250089980e-02 6.975647374412508039e-02 1.736481776669307198e-01 2.756373558169988303e-01 3.746065934159122368e-01 4.694715627858906948e-01 5.591929034707469048e-01 6.427876096865394739e-01 7.193398003386510808e-01 7.880107536067220142e-01 8.480480961564260678e-01 8.987940462991671486e-01 9.396926207859084279e-01 9.702957262759964729e-01 9.902680687415703620e-01 9.993908270190957621e-01 9.975640502598241977e-01 9.848077530122080203e-01 9.612616959383187831e-01 9.271838545667872022e-01 8.829475928589268774e-01 8.290375725550417352e-01 7.660444431189777914e-01 6.946583704589970321e-01 6.156614753256580697e-01 5.299192642332047898e-01 4.383711467890772373e-01 3.420201433256682133e-01 2.419218955996675358e-01 1.391731009600649382e-01 3.489949670250084429e-02 -6.975647374412574653e-02 -1.736481776669304145e-01 -2.756373558169995519e-01
-5.591929034707466828e-01 -4.694715627858908613e-01 -3.746065934159120148e-01 -2.756373558169994409e-01 -1.736481776669304700e-01 -6.975647374412571877e-02 3.489949670250114266e-02 1.391731009600653268e-01 2.419218955996677300e-01 3.420201433256684909e-01 4.383711467890772928e-01 5.299192642332050118e-01 6.156614753256580697e-01 6.946583704589974761e-01 7.660444431189780135e-01 8.290375725550417352e-01 8.829475928589270994e-01 9.271838545667874243e-01 9.612616959383188942e-01 9.848077530122080203e-01 9.975640502598243087e-01 9.993908270190957621e-01 9.902680687415703620e-01 9.702957262759964729e-01 9.396926207859083169e-01 8.987940462991669266e-01 8.480480961564258457e-01 7.880107536067219032e-01 7.193398003386510808e-01 6.427876096865390299e-01 5.591929034707467938e-01 4.694715627858904172e-01 3.746065934159120703e-01 2.756373558169989413e-01 1.736481776669304145e-01 6.975647374412505264e-02
-8.090169943749467851e-01 -7.431448254773940221e-01 -6.691306063588579045e-01 -5.877852522924730261e-01 -4.999999999999993894e-01 -4.067366430757998197e-01 -3.090169943749468962e-01 -2.079116908177586209e-01 -1.045284632676530545e-01 5.665538897647979615e-16 1.045284632676537345e-01 2.079116908177597312e-01 3.090169943749479509e-01 4.067366430758008744e-01 5.000000000000007772e-01 5.877852522924735812e-01 6.691306063588586817e-01 7.431448254773944662e-01 8.090169943749476733e-01 8.660254037844390407e-01 9.135454576426011997e-01 9.510565162951537532e-01 9.781476007338056888e-01 9.945218953682734009e-01 1.000000000000000000e+00 9.945218953682732899e-01 9.781476007338054668e-01 9.510565162951533091e-01 9.135454576426006446e-01 8.660254037844381525e-01 8.090169943749471182e-01 7.431448254773935780e-01 6.691306063588577935e-01 5.877852522924723599e-01 4.999999999999995559e-01 4.067366430757994866e-01
-9.612616959383186721e-01 -9.271838545667873133e-01 -8.829475928589265443e-01 -8.290375725550414021e-01 -7.660444431189779024e-01 -6.946583704589973651e-01 -6.156614753256578476e-01 -5.299192642332043457e-01 -4.383711467890770708e-01 -3.420201433256686574e-01 -2.419218955996675080e-01 -1.391731009600646329e-01 -3.489949670250089980e-02 6.975647374412596857e-02 1.736481776669307198e-01 2.756373558169996629e-01 3.746065934159126254e-01 4.694715627858910834e-01 5.591929034707472379e-01 6.427876096865394739e-01 7.193398003386516359e-01 7.880107536067222362e-01 8.480480961564260678e-01 8.987940462991671486e-01 9.396926207859086499e-01 9.702957262759965840e-01 9.902680687415703620e-01 9.993908270190957621e-01 9.975640502598241977e-01 9.848077530122079093e-01 9.612616959383187831e-01 9.271838545667870912e-01 8.829475928589267664e-01 8.290375725550412911e-01 7.660444431189777914e-01 6.946583704589968100e-01
-9.975640502598243087e-01 -9.993908270190957621e-01 -9.902680687415702510e-01 -9.702957262759964729e-01 -9.396926207859082059e-01 -8.987940462991668156e-01 -8.480480961564259568e-01 -7.880107536067215701e-01 -7.193398003386508588e-01 -6.427876096865392519e-01 -5.591929034707466828e-01 -4.694715627858904727e-01 -3.746065934159120148e-01 -2.756373558169986082e-01 -1.736481776669295818e-01 -6.975647374412483059e-02 3.489949670250114266e-02 1.391731009600657432e-01 2.419218955996681741e-01 3.420201433256688794e-01 4.383711467890780700e-01 5.299192642332053449e-01 6.156614753256584027e-01 6.946583704589974761e-01 7.660444431189783465e-01 8.290375725550419572e-01 8.829475928589270994e-01 9.271838545667875353e-01 9.612616959383190052e-01 9.848077530122081313e-01 9.975640502598243087e-01 9.993908270190957621e-01 9.902680687415702510e-01 9.702957262759963619e-01 9.396926207859083169e-01 8.987940462991668156e-01
-9.135454576426010886e-01 -9.510565162951536422e-01 -9.781476007338055778e-01 -9.945218953682732899e-01 -1.000000000000000000e+00 -9.945218953682734009e-01 -9.781476007338055778e-01 -9.510565162951535312e-01 -9.135454576426009776e-01 -8.660254037844388186e-01 -8.090169943749473402e-01 -7.431448254773940221e-01 -6.691306063588582376e-01 -5.877852522924730261e-01 -4.999999999999993894e-01 -4.067366430757998197e-01 -3.090169943749477288e-01 -2.079116908177590650e-01 -1.045284632676530545e-01 1.224646799147353207e-16 1.045284632676537345e-01 2.079116908177597312e-01 3.090169943749475068e-01 4.067366430758000417e-01 5.000000000000003331e-01 5.877852522924732481e-01 6.691306063588584596e-01 7.431448254773944662e-01 8.090169943749474513e-01 8.660254037844390407e-01 9.135454576426009776e-01 9.510565162951537532e-01 9.781476007338056888e-01 9.945218953682734009e-01 1.000000000000000000e+00 9.945218953682732899e-01
-7.193398003386517470e-01 -7.880107536067223473e-01 -8.480480961564266229e-01 -8.987940462991670376e-01 -9.396926207859085389e-01 -9.702957262759965840e-01 -9.902680687415704730e-01 -9.993908270190957621e-01 -9.975640502598241977e-01 -9.848077530122079093e-01 -9.612616959383186721e-01 -9.271838545667873133e-01 -8.829475928589265443e-01 -8.290375725550414021e-01 -7.660444431189779024e-01 -6.946583704589966990e-01 -6.156614753256575145e-01 -5.299192642332043457e-01 -4.383711467890770708e-01 -3.420201433256682133e-01 -2.419218955996666476e-01 -1.391731009600646329e-01 -3.489949670250089980e-02 6.975647374412596857e-02 1.736481776669311361e-01 2.756373558170001070e-01 3.746065934159126254e-01 4.694715627858914719e-01 5.591929034707475710e-01 6.427876096865401401e-01 7.193398003386516359e-01 7.880107536067224583e-01 8.480480961564262898e-01 8.987940462991674817e-01 9.396926207859086499e-01 9.702957262759966950e-01
-4.383711467890777924e-01 -5.299192642332050118e-01 -6.156614753256588468e-01 -6.946583704589975872e-01 -7.660444431189786796e-01 -8.290375725550416242e-01 -8.829475928589270994e-01 -9.271838545667874243e-01 -9.612616959383190052e-01 -9.848077530122081313e-01 -9.975640502598243087e-01 -9.993908270190957621e-01 -9.902680687415702510e-01 -9.702957262759962509e-01 -9.396926207859082059e-01 -8.987940462991668156e-01 -8.480480961564254017e-01 -7.880107536067215701e-01 -7.193398003386508588e-01 -6.427876096865389188e-01 -5.591929034707463497e-01 -4.694715627858904727e-01 -3.746065934159120148e-01 -2.756373558169986082e-01 -1.736481776669295818e-01 -6.975647374412483059e-02 3.489949670250158675e-02 1.391731009600661872e-01 2.419218955996681741e-01 3.420201433256697121e-01 4.383711467890780700e-01 5.299192642332056780e-01 6.156614753256587358e-01 6.946583704589978092e-01 7.660444431189783465e-01 8.290375725550419572e-01
-1.045284632676543035e-01 -2.079116908177598699e-01 -3.090169943749476733e-01 -4.067366430758001528e-01 -5.000000000000004441e-01 -5.877852522924733591e-01 -6.691306063588587927e-01 -7.431448254773940221e-01 -8.090169943749475623e-01 -8.660254037844390407e-01 -9.135454576426010886e-01 -9.510565162951536422e-01 -9.781476007338055778e-01 -9.945218953682734009e-01 -1.000000000000000000e+00 -9.945218953682732899e-01 -9.781476007338055778e-01 -9.510565162951535312e-01 -9.135454576426009776e-01 -8.660254037844383745e-01 -8.090169943749467851e-01 -7.431448254773940221e-01 -6.691306063588582376e-01 -5.877852522924730261e-01 -4.999999999999993894e-01 -4.067366430757998197e-01 -3.090169943749468962e-01 -2.079116908177586209e-01 -1.045284632676530545e-01 1.010643099614860578e-15 1.045284632676537345e-01 2.079116908177601752e-01 3.090169943749479509e-01 4.067366430758008744e-01 5.000000000000003331e-01 5.877852522924735812e-01
