4.067366430758001528e-01 4.694715627858908058e-01 5.299192642332049008e-01 5.877852522924731371e-01 6.427876096865392519e-01 6.946583704589972541e-01 7.431448254773942441e-01 7.880107536067219032e-01 8.290375725550417352e-01 8.660254037844387076e-01 8.987940462991669266e-01 9.271838545667873133e-01 9.510565162951535312e-01 9.702957262759964729e-01 9.848077530122081313e-01 9.945218953682732899e-01 9.993908270190957621e-01 9.993908270190957621e-01 9.945218953682732899e-01 9.848077530122080203e-01 9.702957262759964729e-01 9.510565162951535312e-01 9.271838545667874243e-01 8.987940462991671486e-01 8.660254037844385966e-01 8.290375725550417352e-01 7.880107536067216811e-01 7.431448254773942441e-01 6.946583704589974761e-01 6.427876096865391409e-01 5.877852522924732481e-01 5.299192642332050118e-01 4.694715627858906948e-01 4.067366430758000417e-01 3.420201433256688794e-01 2.756373558169988303e-01
6.946583704589972541e-01 7.431448254773942441e-01 7.880107536067219032e-01 8.290375725550417352e-01 8.660254037844385966e-01 8.987940462991669266e-01 9.271838545667873133e-01 9.510565162951535312e-01 9.702957262759964729e-01 9.848077530122080203e-01 9.945218953682732899e-01 9.993908270190957621e-01 9.993908270190957621e-01 9.945218953682734009e-01 9.848077530122080203e-01 9.702957262759964729e-01 9.510565162951536422e-01 9.271838545667874243e-01 8.987940462991669266e-01 8.660254037844385966e-01 8.290375725550417352e-01 7.880107536067220142e-01 7.431448254773944662e-01 6.946583704589974761e-01 6.427876096865394739e-01 5.877852522924732481e-01 5.299192642332050118e-01 4.694715627858906948e-01 4.067366430758000417e-01 3.420201433256684909e-01 2.756373558169988303e-01 2.079116908177593148e-01 1.391731009600653268e-01 6.975647374412552448e-02 1.224646799147353207e-16 -6.975647374412483059e-02
8.987940462991669266e-01 9.271838545667873133e-01 9.510565162951535312e-01 9.702957262759964729e-01 9.848077530122080203e-01 9.945218953682732899e-01 9.993908270190957621e-01 9.993908270190957621e-01 9.945218953682734009e-01 9.848077530122080203e-01 9.702957262759964729e-01 9.510565162951536422e-01 9.271838545667874243e-01 8.987940462991671486e-01 8.660254037844385966e-01 8.290375725550417352e-01 7.880107536067222362e-01 7.431448254773942441e-01 6.946583704589974761e-01 6.427876096865394739e-01 5.877852522924732481e-01 5.299192642332050118e-01 4.694715627858910834e-01 4.067366430758000417e-01 3.420201433256688794e-01 2.756373558169988303e-01 2.079116908177593148e-01 1.391731009600657432e-01 6.975647374412508039e-02 1.224646799147353207e-16 -6.975647374412571877e-02 -1.391731009600655211e-01 -2.079116908177590650e-01 -2.756373558169986082e-01 -3.420201433256686574e-01 -4.067366430757998197e-01
9.945218953682732899e-01 9.993908270190957621e-01 9.993908270190957621e-01 9.945218953682734009e-01 9.848077530122080203e-01 9.702957262759964729e-01 9.510565162951536422e-01 9.271838545667874243e-01 8.987940462991671486e-01 8.660254037844387076e-01 8.290375725550417352e-01 7.880107536067222362e-01 7.431448254773942441e-01 6.946583704589974761e-01 6.427876096865394739e-01 5.877852522924732481e-01 5.299192642332050118e-01 4.694715627858906948e-01 4.067366430758000417e-01 3.420201433256688794e-01 2.756373558169988303e-01 2.079116908177593148e-01 1.391731009600657432e-01 6.975647374412552448e-02 1.224646799147353207e-16 -6.975647374412483059e-02 -1.391731009600655211e-01 -2.079116908177590650e-01 -2.756373558169994409e-01 -3.420201433256686574e-01 -4.067366430757998197e-01 -4.694715627858904727e-01 -5.299192642332047898e-01 -5.877852522924730261e-01 -6.427876096865392519e-01 -6.946583704589973651e-01
9.702957262759964729e-01 9.510565162951536422e-01 9.271838545667874243e-01 8.987940462991669266e-01 8.660254037844385966e-01 8.290375725550417352e-01 7.880107536067220142e-01 7.431448254773942441e-01 6.946583704589974761e-01 6.427876096865394739e-01 5.877852522924732481e-01 5.299192642332050118e-01 4.694715627858906948e-01 4.067366430758000417e-01 3.420201433256684909e-01 2.756373558169988303e-01 2.079116908177593148e-01 1.391731009600653268e-01 6.975647374412508039e-02 1.224646799147353207e-16 -6.975647374412571877e-02 -1.391731009600655211e-01 -2.079116908177590650e-01 -2.756373558169994409e-01 -3.420201433256686574e-01 -4.067366430757998197e-01 -4.694715627858908613e-01 -5.299192642332047898e-01 -5.877852522924733591e-01 -6.427876096865392519e-01 -6.946583704589973651e-01 -7.431448254773940221e-01 -7.880107536067221252e-01 -8.290375725550414021e-01 -8.660254037844388186e-01 -8.987940462991668156e-01
8.290375725550417352e-01 7.880107536067222362e-01 7.431448254773944662e-01 6.946583704589974761e-01 6.427876096865394739e-01 5.877852522924732481e-01 5.299192642332050118e-01 4.694715627858906948e-01 4.067366430758000417e-01 3.420201433256688794e-01 2.756373558169992188e-01 2.079116908177593148e-01 1.391731009600657432e-01 6.975647374412552448e-02 1.224646799147353207e-16 -6.975647374412483059e-02 -1.391731009600646329e-01 -2.079116908177590650e-01 -2.756373558169994409e-01 -3.420201433256686574e-01 -4.067366430757998197e-01 -4.694715627858904727e-01 -5.299192642332043457e-01 -5.877852522924730261e-01 -6.427876096865392519e-01 -6.946583704589973651e-01 -7.431448254773940221e-01 -7.880107536067215701e-01 -8.290375725550414021e-01 -8.660254037844388186e-01 -8.987940462991668156e-01 -9.271838545667873133e-01 -9.510565162951535312e-01 -9.702957262759962509e-01 -9.848077530122080203e-01 -9.945218953682734009e-01
5.877852522924732481e-01 5.299192642332050118e-01 4.694715627858906948e-01 4.067366430758000417e-01 3.420201433256684909e-01 2.756373558169992188e-01 2.079116908177593148e-01 1.391731009600653268e-01 6.975647374412508039e-02 1.224646799147353207e-16 -6.975647374412483059e-02 -1.391731009600655211e-01 -2.079116908177590650e-01 -2.756373558169994409e-01 -3.420201433256686574e-01 -4.067366430757998197e-01 -4.694715627858904727e-01 -5.299192642332047898e-01 -5.877852522924733591e-01 -6.427876096865392519e-01 -6.946583704589973651e-01 -7.431448254773940221e-01 -7.880107536067215701e-01 -8.290375725550414021e-01 -8.660254037844388186e-01 -8.987940462991668156e-01 -9.271838545667873133e-01 -9.510565162951535312e-01 -9.702957262759964729e-01 -9.848077530122080203e-01 -9.945218953682734009e-01 -9.993908270190957621e-01 -9.993908270190957621e-01 -9.945218953682734009e-01 -9.848077530122081313e-01 -9.702957262759963619e-01
2.756373558169992188e-01 2.079116908177597312e-01 1.391731009600657432e-01 6.975647374412552448e-02 1.224646799147353207e-16 -6.975647374412483059e-02 -1.391731009600646329e-01 -2.079116908177590650e-01 -2.756373558169986082e-01 -3.420201433256686574e-01 -4.067366430757998197e-01 -4.694715627858904727e-01 -5.299192642332047898e-01 -5.877852522924730261e-01 -6.427876096865392519e-01 -6.946583704589973651e-01 -7.431448254773940221e-01 -7.880107536067215701e-01 -8.290375725550414021e-01 -8.660254037844383745e-01 -8.987940462991668156e-01 -9.271838545667873133e-01 -9.510565162951535312e-01 -9.702957262759962509e-01 -9.848077530122080203e-01 -9.945218953682734009e-01 -9.993908270190957621e-01 -9.993908270190957621e-01 -9.945218953682734009e-01 -9.848077530122081313e-01 -9.702957262759963619e-01 -9.510565162951536422e-01 -9.271838545667874243e-01 -8.987940462991670376e-01 -8.660254037844390407e-01 -8.290375725550416242e-01
-6.975647374412483059e-02 -1.391731009600655211e-01 -2.079116908177590650e-01 -2.756373558169986082e-01 -3.420201433256686574e-01 -4.067366430757998197e-01 -4.694715627858904727e-01 -5.299192642332047898e-01 -5.877852522924730261e-01 -6.427876096865392519e-01 -6.946583704589973651e-01 -7.431448254773940221e-01 -7.880107536067221252e-01 -8.290375725550414021e-01 -8.660254037844388186e-01 -8.987940462991668156e-01 -9.271838545667873133e-01 -9.510565162951535312e-01 -9.702957262759964729e-01 -9.848077530122080203e-01 -9.945218953682734009e-01 -9.993908270190957621e-01 -9.993908270190957621e-01 -9.945218953682734009e-01 -9.848077530122081313e-01 -9.702957262759963619e-01 -9.510565162951536422e-01 -9.271838545667874243e-01 -8.987940462991670376e-01 -8.660254037844385966e-01 -8.290375725550416242e-01 -7.880107536067217922e-01 -7.431448254773940221e-01 -6.946583704589975872e-01 -6.427876096865395850e-01 -5.877852522924733591e-01
-4.067366430757998197e-01 -4.694715627858908613e-01 -5.299192642332047898e-01 -5.877852522924730261e-01 -6.427876096865392519e-01 -6.946583704589973651e-01 -7.431448254773940221e-01 -7.880107536067221252e-01 -8.290375725550414021e-01 -8.660254037844388186e-01 -8.987940462991668156e-01 -9.271838545667873133e-01 -9.510565162951535312e-01 -9.702957262759964729e-01 -9.848077530122080203e-01 -9.945218953682734009e-01 -9.993908270190957621e-01 -9.993908270190957621e-01 -9.945218953682732899e-01 -9.848077530122081313e-01 -9.702957262759963619e-01 -9.510565162951536422e-01 -9.271838545667874243e-01 -8.987940462991670376e-01 -8.660254037844385966e-01 -8.290375725550416242e-01 -7.880107536067217922e-01 -7.431448254773940221e-01 -6.946583704589975872e-01 -6.427876096865389188e-01 -5.877852522924725820e-01 -5.299192642332043457e-01 -4.694715627858908058e-01 -4.067366430758001528e-01 -3.420201433256694346e-01 -2.756373558169989413e-01
-6.946583704589973651e-01 -7.431448254773943551e-01 -7.880107536067221252e-01 -8.290375725550414021e-01 -8.660254037844388186e-01 -8.987940462991668156e-01 -9.271838545667873133e-01 -9.510565162951535312e-01 -9.702957262759964729e-01 -9.848077530122080203e-01 -9.945218953682734009e-01 -9.993908270190957621e-01 -9.993908270190957621e-01 -9.945218953682732899e-01 -9.848077530122080203e-01 -9.702957262759963619e-01 -9.510565162951536422e-01 -9.271838545667874243e-01 -8.987940462991670376e-01 -8.660254037844385966e-01 -8.290375725550416242e-01 -7.880107536067217922e-01 -7.431448254773940221e-01 -6.946583704589975872e-01 -6.427876096865389188e-01 -5.877852522924725820e-01 -5.299192642332043457e-01 -4.694715627858908058e-01 -4.067366430758001528e-01 -3.420201433256686019e-01 -2.756373558169981086e-01 -2.079116908177589818e-01 -1.391731009600649938e-01 -6.975647374412563551e-02 -2.449293598294706414e-16 6.975647374412514978e-02
-8.987940462991668156e-01 -9.271838545667873133e-01 -9.510565162951535312e-01 -9.702957262759962509e-01 -9.848077530122080203e-01 -9.945218953682732899e-01 -9.993908270190957621e-01 -9.993908270190957621e-01 -9.945218953682734009e-01 -9.848077530122081313e-01 -9.702957262759965840e-01 -9.510565162951536422e-01 -9.271838545667874243e-01 -8.987940462991670376e-01 -8.660254037844390407e-01 -8.290375725550416242e-01 -7.880107536067223473e-01 -7.431448254773940221e-01 -6.946583704589975872e-01 -6.427876096865395850e-01 -5.877852522924733591e-01 -5.299192642332050118e-01 -4.694715627858915830e-01 -4.067366430758001528e-01 -3.420201433256694346e-01 -2.756373558169997739e-01 -2.079116908177598699e-01 -1.391731009600658819e-01 -6.975647374412563551e-02 -2.449293598294706414e-16 6.975647374412514978e-02 1.391731009600645219e-01 2.079116908177585099e-01 2.756373558169976090e-01 3.420201433256689350e-01 4.067366430757997087e-01
-9.945218953682732899e-01 -9.993908270190957621e-01 -9.993908270190957621e-01 -9.945218953682734009e-01 -9.848077530122081313e-01 -9.702957262759965840e-01 -9.510565162951536422e-01 -9.271838545667874243e-01 -8.987940462991670376e-01 -8.660254037844385966e-01 -8.290375725550416242e-01 -7.880107536067223473e-01 -7.431448254773940221e-01 -6.946583704589975872e-01 -6.427876096865395850e-01 -5.877852522924733591e-01 -5.299192642332050118e-01 -4.694715627858908058e-01 -4.067366430758001528e-01 -3.420201433256694346e-01 -2.756373558169989413e-01 -2.079116908177598699e-01 -1.391731009600658819e-01 -6.975647374412563551e-02 -2.449293598294706414e-16 6.975647374412514978e-02 1.391731009600645219e-01 2.079116908177585099e-01 2.756373558169993299e-01 3.420201433256689350e-01 4.067366430757997087e-01 4.694715627858903617e-01 5.299192642332053449e-01 5.877852522924735812e-01 6.427876096865392519e-01 6.946583704589972541e-01
-9.702957262759965840e-01 -9.510565162951536422e-01 -9.271838545667874243e-01 -8.987940462991670376e-01 -8.660254037844385966e-01 -8.290375725550416242e-01 -7.880107536067217922e-01 -7.431448254773940221e-01 -6.946583704589975872e-01 -6.427876096865389188e-01 -5.877852522924733591e-01 -5.299192642332050118e-01 -4.694715627858908058e-01 -4.067366430758001528e-01 -3.420201433256694346e-01 -2.756373558169989413e-01 -2.079116908177598699e-01 -1.391731009600649938e-01 -6.975647374412563551e-02 -2.449293598294706414e-16 6.975647374412514978e-02 1.391731009600645219e-01 2.079116908177585099e-01 2.756373558169993299e-01 3.420201433256689350e-01 4.067366430757997087e-01 4.694715627858911389e-01 5.299192642332053449e-01 5.877852522924735812e-01 6.427876096865392519e-01 6.946583704589972541e-01 7.431448254773936890e-01 7.880107536067214591e-01 8.290375725550412911e-01 8.660254037844388186e-01 8.987940462991668156e-01
-8.290375725550416242e-01 -7.880107536067217922e-01 -7.431448254773940221e-01 -6.946583704589975872e-01 -6.427876096865389188e-01 -5.877852522924733591e-01 -5.299192642332043457e-01 -4.694715627858908058e-01 -4.067366430758001528e-01 -3.420201433256686019e-01 -2.756373558169989413e-01 -2.079116908177598699e-01 -1.391731009600649938e-01 -6.975647374412563551e-02 -2.449293598294706414e-16 6.975647374412514978e-02 1.391731009600645219e-01 2.079116908177593703e-01 2.756373558169993299e-01 3.420201433256689350e-01 4.067366430757997087e-01 4.694715627858911389e-01 5.299192642332053449e-01 5.877852522924735812e-01 6.427876096865392519e-01 6.946583704589972541e-01 7.431448254773936890e-01 7.880107536067214591e-01 8.290375725550418462e-01 8.660254037844388186e-01 8.987940462991668156e-01 9.271838545667872022e-01 9.510565162951537532e-01 9.702957262759965840e-01 9.848077530122080203e-01 9.945218953682732899e-01
-5.877852522924740253e-01 -5.299192642332050118e-01 -4.694715627858915830e-01 -4.067366430758009854e-01 -3.420201433256694346e-01 -2.756373558169997739e-01 -2.079116908177598699e-01 -1.391731009600658819e-01 -6.975647374412563551e-02 -2.449293598294706414e-16 6.975647374412514978e-02 1.391731009600645219e-01 2.079116908177585099e-01 2.756373558169976090e-01 3.420201433256689350e-01 4.067366430757997087e-01 4.694715627858903617e-01 5.299192642332039016e-01 5.877852522924735812e-01 6.427876096865392519e-01 6.946583704589972541e-01 7.431448254773936890e-01 7.880107536067214591e-01 8.290375725550412911e-01 8.660254037844379305e-01 8.987940462991668156e-01 9.271838545667872022e-01 9.510565162951535312e-01 9.702957262759962509e-01 9.848077530122080203e-01 9.945218953682732899e-01 9.993908270190957621e-01 9.993908270190957621e-01 9.945218953682734009e-01 9.848077530122081313e-01 9.702957262759968060e-01
-2.756373558169997739e-01 -2.079116908177598699e-01 -1.391731009600658819e-01 -6.975647374412563551e-02 -2.449293598294706414e-16 6.975647374412514978e-02 1.391731009600645219e-01 2.079116908177585099e-01 2.756373558169993299e-01 3.420201433256689350e-01 4.067366430757997087e-01 4.694715627858903617e-01 5.299192642332039016e-01 5.877852522924735812e-01 6.427876096865392519e-01 6.946583704589972541e-01 7.431448254773936890e-01 7.880107536067214591e-01 8.290375725550412911e-01 8.660254037844388186e-01 8.987940462991668156e-01 9.271838545667872022e-01 9.510565162951535312e-01 9.702957262759962509e-01 9.848077530122080203e-01 9.945218953682732899e-01 9.993908270190957621e-01 9.993908270190957621e-01 9.945218953682734009e-01 9.848077530122081313e-01 9.702957262759963619e-01 9.510565162951536422e-01 9.271838545667877574e-01 8.987940462991670376e-01 8.660254037844391517e-01 8.290375725550416242e-01
6.975647374412514978e-02 1.391731009600645219e-01 2.079116908177593703e-01 2.756373558169993299e-01 3.420201433256689350e-01 4.067366430757997087e-01 4.694715627858903617e-01 5.299192642332039016e-01 5.877852522924735812e-01 6.427876096865392519e-01 6.946583704589972541e-01 7.431448254773936890e-01 7.880107536067214591e-01 8.290375725550412911e-01 8.660254037844388186e-01 8.987940462991668156e-01 9.271838545667872022e-01 9.510565162951535312e-01 9.702957262759965840e-01 9.848077530122080203e-01 9.945218953682732899e-01 9.993908270190957621e-01 9.993908270190957621e-01 9.945218953682734009e-01 9.848077530122081313e-01 9.702957262759963619e-01 9.510565162951536422e-01 9.271838545667877574e-01 8.987940462991670376e-01 8.660254037844382635e-01 8.290375725550416242e-01 7.880107536067223473e-01 7.431448254773940221e-01 6.946583704589976982e-01 6.427876096865403621e-01 5.877852522924733591e-01
