6.156614753256581807e-01 8.290375725550417352e-01 9.612616959383188942e-01 9.993908270190957621e-01 9.396926207859084279e-01 7.880107536067222362e-01 5.591929034707469048e-01 2.756373558169996629e-01 -3.489949670250089980e-02 -3.420201433256686574e-01 -6.156614753256585137e-01 -8.290375725550414021e-01 -9.612616959383190052e-01 -9.993908270190957621e-01 -9.396926207859083169e-01 -7.880107536067223473e-01 -5.591929034707473489e-01 -2.756373558169989413e-01 3.489949670250033081e-02 3.420201433256689350e-01 6.156614753256584027e-01 8.290375725550418462e-01 9.612616959383186721e-01 9.993908270190957621e-01 9.396926207859086499e-01 7.880107536067223473e-01 5.591929034707460167e-01 2.756373558169982196e-01 -3.489949670250198227e-02 -3.420201433256679913e-01 -6.156614753256576256e-01 -8.290375725550412911e-01 -9.612616959383186721e-01 -9.993908270190957621e-01 -9.396926207859086499e-01 -7.880107536067224583e-01
8.480480961564258457e-01 9.702957262759964729e-01 9.975640502598243087e-01 9.271838545667874243e-01 7.660444431189780135e-01 5.299192642332050118e-01 2.419218955996677300e-01 -6.975647374412483059e-02 -3.746065934159120148e-01 -6.427876096865392519e-01 -8.480480961564264009e-01 -9.702957262759962509e-01 -9.975640502598243087e-01 -9.271838545667874243e-01 -7.660444431189781245e-01 -5.299192642332057890e-01 -2.419218955996687292e-01 6.975647374412514978e-02 3.746065934159119037e-01 6.427876096865392519e-01 8.480480961564264009e-01 9.702957262759965840e-01 9.975640502598243087e-01 9.271838545667877574e-01 7.660444431189775694e-01 5.299192642332044567e-01 2.419218955996671194e-01 -6.975647374412591306e-02 -3.746065934159125699e-01 -6.427876096865398070e-01 -8.480480961564262898e-01 -9.702957262759961399e-01 -9.975640502598243087e-01 -9.271838545667878684e-01 -7.660444431189776804e-01 -5.299192642332045677e-01
9.781476007338055778e-01 9.945218953682734009e-01 9.135454576426009776e-01 7.431448254773944662e-01 5.000000000000003331e-01 2.079116908177593148e-01 -1.045284632676534986e-01 -4.067366430757998197e-01 -6.691306063588582376e-01 -8.660254037844383745e-01 -9.781476007338055778e-01 -9.945218953682734009e-01 -9.135454576426010886e-01 -7.431448254773940221e-01 -5.000000000000004441e-01 -2.079116908177598699e-01 1.045284632676529296e-01 4.067366430757997087e-01 6.691306063588584596e-01 8.660254037844388186e-01 9.781476007338056888e-01 9.945218953682732899e-01 9.135454576426007556e-01 7.431448254773940221e-01 4.999999999999997780e-01 2.079116908177591205e-01 -1.045284632676536929e-01 -4.067366430758003748e-01 -6.691306063588596809e-01 -8.660254037844387076e-01 -9.781476007338056888e-01 -9.945218953682735119e-01 -9.135454576426008666e-01 -7.431448254773941331e-01 -4.999999999999998890e-01 -2.079116908177592316e-01
9.902680687415703620e-01 8.987940462991671486e-01 7.193398003386510808e-01 4.694715627858910834e-01 1.736481776669307198e-01 -1.391731009600646329e-01 -4.383711467890770708e-01 -6.946583704589973651e-01 -8.829475928589269884e-01 -9.848077530122080203e-01 -9.902680687415703620e-01 -8.987940462991670376e-01 -7.193398003386511919e-01 -4.694715627858908058e-01 -1.736481776669303867e-01 1.391731009600645219e-01 4.383711467890773483e-01 6.946583704589972541e-01 8.829475928589268774e-01 9.848077530122080203e-01 9.902680687415704730e-01 8.987940462991662605e-01 7.193398003386513029e-01 4.694715627858924711e-01 1.736481776669304977e-01 -1.391731009600652713e-01 -4.383711467890788471e-01 -6.946583704589971431e-01 -8.829475928589276545e-01 -9.848077530122080203e-01 -9.902680687415703620e-01 -8.987940462991679258e-01 -7.193398003386513029e-01 -4.694715627858925822e-01 -1.736481776669306365e-01 1.391731009600651603e-01
8.829475928589270994e-01 6.946583704589974761e-01 4.383711467890772928e-01 1.391731009600657432e-01 -1.736481776669304700e-01 -4.694715627858904727e-01 -7.193398003386508588e-01 -8.987940462991668156e-01 -9.902680687415703620e-01 -9.848077530122081313e-01 -8.829475928589267664e-01 -6.946583704589975872e-01 -4.383711467890777924e-01 -1.391731009600649938e-01 1.736481776669299149e-01 4.694715627858903617e-01 7.193398003386507478e-01 8.987940462991668156e-01 9.902680687415703620e-01 9.848077530122081313e-01 8.829475928589263223e-01 6.946583704589976982e-01 4.383711467890795133e-01 1.391731009600659930e-01 -1.736481776669297761e-01 -4.694715627858918605e-01 -7.193398003386507478e-01 -8.987940462991674817e-01 -9.902680687415702510e-01 -9.848077530122081313e-01 -8.829475928589264333e-01 -6.946583704589978092e-01 -4.383711467890796243e-01 -1.391731009600661317e-01 1.736481776669296651e-01 4.694715627858917495e-01
6.691306063588584596e-01 4.067366430758004303e-01 1.045284632676537345e-01 -2.079116908177590650e-01 -4.999999999999993894e-01 -7.431448254773940221e-01 -9.135454576426009776e-01 -9.945218953682732899e-01 -9.781476007338055778e-01 -8.660254037844390407e-01 -6.691306063588587927e-01 -4.067366430758001528e-01 -1.045284632676534153e-01 2.079116908177593703e-01 4.999999999999992784e-01 7.431448254773936890e-01 9.135454576426008666e-01 9.945218953682732899e-01 9.781476007338054668e-01 8.660254037844391517e-01 6.691306063588589037e-01 4.067366430758010409e-01 1.045284632676544284e-01 -2.079116908177583989e-01 -4.999999999999991673e-01 -7.431448254773935780e-01 -9.135454576426005335e-01 -9.945218953682734009e-01 -9.781476007338054668e-01 -8.660254037844391517e-01 -6.691306063588590147e-01 -4.067366430758011520e-01 -1.045284632676545394e-01 2.079116908177582601e-01 5.000000000000005551e-01 7.431448254773934670e-01
3.746065934159122368e-01 6.975647374412552448e-02 -2.419218955996675080e-01 -5.299192642332047898e-01 -7.660444431189779024e-01 -9.271838545667873133e-01 -9.975640502598241977e-01 -9.702957262759965840e-01 -8.480480961564261788e-01 -6.427876096865395850e-01 -3.746065934159123478e-01 -6.975647374412563551e-02 2.419218955996682296e-01 5.299192642332053449e-01 7.660444431189777914e-01 9.271838545667872022e-01 9.975640502598241977e-01 9.702957262759963619e-01 8.480480961564257347e-01 6.427876096865403621e-01 3.746065934159116262e-01 6.975647374412487223e-02 -2.419218955996663978e-01 -5.299192642332037906e-01 -7.660444431189771253e-01 -9.271838545667875353e-01 -9.975640502598243087e-01 -9.702957262759963619e-01 -8.480480961564258457e-01 -6.427876096865404731e-01 -3.746065934159117372e-01 -6.975647374412677348e-02 2.419218955996662868e-01 5.299192642332052339e-01 7.660444431189770143e-01 9.271838545667875353e-01
3.489949670250114266e-02 -2.756373558169986082e-01 -5.591929034707466828e-01 -7.880107536067215701e-01 -9.396926207859082059e-01 -9.993908270190957621e-01 -9.612616959383187831e-01 -8.290375725550420682e-01 -6.156614753256588468e-01 -3.420201433256694346e-01 -3.489949670250082348e-02 2.756373558169976090e-01 5.591929034707469048e-01 7.880107536067214591e-01 9.396926207859080948e-01 9.993908270190957621e-01 9.612616959383193382e-01 8.290375725550416242e-01 6.156614753256582917e-01 3.420201433256687129e-01 3.489949670250094144e-02 -2.756373558169992188e-01 -5.591929034707453505e-01 -7.880107536067219032e-01 -9.396926207859084279e-01 -9.993908270190957621e-01 -9.612616959383188942e-01 -8.290375725550417352e-01 -6.156614753256584027e-01 -3.420201433256688239e-01 -3.489949670250106634e-02 2.756373558169973870e-01 5.591929034707452395e-01 7.880107536067219032e-01 9.396926207859083169e-01 9.993908270190957621e-01
-3.090169943749477288e-01 -5.877852522924730261e-01 -8.090169943749473402e-01 -9.510565162951535312e-01 -1.000000000000000000e+00 -9.510565162951536422e-01 -8.090169943749470072e-01 -5.877852522924740253e-01 -3.090169943749476733e-01 -2.449293598294706414e-16 3.090169943749471737e-01 5.877852522924735812e-01 8.090169943749467851e-01 9.510565162951537532e-01 1.000000000000000000e+00 9.510565162951541973e-01 8.090169943749476733e-01 5.877852522924733591e-01 3.090169943749460635e-01 3.673940397442059375e-16 -3.090169943749470627e-01 -5.877852522924728040e-01 -8.090169943749472292e-01 -9.510565162951534202e-01 -1.000000000000000000e+00 -9.510565162951537532e-01 -8.090169943749476733e-01 -5.877852522924734702e-01 -3.090169943749461745e-01 -4.898587196589412829e-16 3.090169943749452308e-01 5.877852522924712497e-01 8.090169943749471182e-01 9.510565162951539753e-01 1.000000000000000000e+00 9.510565162951543083e-01
-6.156614753256585137e-01 -8.290375725550414021e-01 -9.612616959383190052e-01 -9.993908270190957621e-01 -9.396926207859083169e-01 -7.880107536067217922e-01 -5.591929034707465718e-01 -2.756373558169997739e-01 3.489949670250033081e-02 3.420201433256689350e-01 6.156614753256584027e-01 8.290375725550412911e-01 9.612616959383191162e-01 9.993908270190957621e-01 9.396926207859086499e-01 7.880107536067223473e-01 5.591929034707474599e-01 2.756373558169982196e-01 -3.489949670250020591e-02 -3.420201433256679913e-01 -6.156614753256576256e-01 -8.290375725550421793e-01 -9.612616959383186721e-01 -9.993908270190957621e-01 -9.396926207859086499e-01 -7.880107536067224583e-01 -5.591929034707461277e-01 -2.756373558169983307e-01 3.489949670250008795e-02 3.420201433256678802e-01 6.156614753256575145e-01 8.290375725550411801e-01 9.612616959383191162e-01 9.993908270190957621e-01 9.396926207859087610e-01 7.880107536067225693e-01
-8.480480961564264009e-01 -9.702957262759964729e-01 -9.975640502598243087e-01 -9.271838545667874243e-01 -7.660444431189781245e-01 -5.299192642332043457e-01 -2.419218955996669806e-01 6.975647374412514978e-02 3.746065934159119037e-01 6.427876096865392519e-01 8.480480961564264009e-01 9.702957262759965840e-01 9.975640502598243087e-01 9.271838545667870912e-01 7.660444431189775694e-01 5.299192642332059000e-01 2.419218955996671194e-01 -6.975647374412415058e-02 -3.746065934159125699e-01 -6.427876096865398070e-01 -8.480480961564262898e-01 -9.702957262759965840e-01 -9.975640502598243087e-01 -9.271838545667878684e-01 -7.660444431189776804e-01 -5.299192642332045677e-01 -2.419218955996672304e-01 6.975647374412402568e-02 3.746065934159124589e-01 6.427876096865396960e-01 8.480480961564271780e-01 9.702957262759965840e-01 9.975640502598243087e-01 9.271838545667878684e-01 7.660444431189777914e-01 5.299192642332031244e-01
-9.781476007338055778e-01 -9.945218953682734009e-01 -9.135454576426010886e-01 -7.431448254773945772e-01 -5.000000000000004441e-01 -2.079116908177598699e-01 1.045284632676529296e-01 4.067366430757997087e-01 6.691306063588584596e-01 8.660254037844379305e-01 9.781476007338056888e-01 9.945218953682734009e-01 9.135454576426007556e-01 7.431448254773940221e-01 5.000000000000013323e-01 2.079116908177608414e-01 -1.045284632676519304e-01 -4.067366430758003748e-01 -6.691306063588583486e-01 -8.660254037844378194e-01 -9.781476007338056888e-01 -9.945218953682735119e-01 -9.135454576426015327e-01 -7.431448254773941331e-01 -5.000000000000014433e-01 -2.079116908177592316e-01 1.045284632676518055e-01 4.067366430758002638e-01 6.691306063588582376e-01 8.660254037844378194e-01 9.781476007338056888e-01 9.945218953682735119e-01 9.135454576426016438e-01 7.431448254773942441e-01 5.000000000000015543e-01 2.079116908177593426e-01
-9.902680687415703620e-01 -8.987940462991670376e-01 -7.193398003386511919e-01 -4.694715627858915830e-01 -1.736481776669303867e-01 1.391731009600645219e-01 4.383711467890773483e-01 6.946583704589972541e-01 8.829475928589268774e-01 9.848077530122080203e-01 9.902680687415704730e-01 8.987940462991670376e-01 7.193398003386513029e-01 4.694715627858909168e-01 1.736481776669304977e-01 -1.391731009600652713e-01 -4.383711467890772373e-01 -6.946583704589971431e-01 -8.829475928589268774e-01 -9.848077530122080203e-01 -9.902680687415703620e-01 -8.987940462991663715e-01 -7.193398003386513029e-01 -4.694715627858925822e-01 -1.736481776669306365e-01 1.391731009600651603e-01 4.383711467890787361e-01 6.946583704589970321e-01 8.829475928589276545e-01 9.848077530122080203e-01 9.902680687415703620e-01 8.987940462991679258e-01 7.193398003386514139e-01 4.694715627858926932e-01 1.736481776669307475e-01 -1.391731009600650215e-01
-8.829475928589267664e-01 -6.946583704589975872e-01 -4.383711467890777924e-01 -1.391731009600658819e-01 1.736481776669299149e-01 4.694715627858903617e-01 7.193398003386507478e-01 8.987940462991668156e-01 9.902680687415703620e-01 9.848077530122081313e-01 8.829475928589263223e-01 6.946583704589976982e-01 4.383711467890779034e-01 1.391731009600659930e-01 -1.736481776669297761e-01 -4.694715627858902507e-01 -7.193398003386507478e-01 -8.987940462991667046e-01 -9.902680687415702510e-01 -9.848077530122081313e-01 -8.829475928589264333e-01 -6.946583704589978092e-01 -4.383711467890796243e-01 -1.391731009600661317e-01 1.736481776669296651e-01 4.694715627858917495e-01 7.193398003386506367e-01 8.987940462991674817e-01 9.902680687415702510e-01 9.848077530122082424e-01 8.829475928589264333e-01 6.946583704589978092e-01 4.383711467890797353e-01 1.391731009600662428e-01 -1.736481776669295540e-01 -4.694715627858916385e-01
-6.691306063588581265e-01 -4.067366430758001528e-01 -1.045284632676534153e-01 2.079116908177593703e-01 5.000000000000007772e-01 7.431448254773936890e-01 9.135454576426008666e-01 9.945218953682732899e-01 9.781476007338054668e-01 8.660254037844382635e-01 6.691306063588589037e-01 4.067366430758010409e-01 1.045284632676526521e-01 -2.079116908177601197e-01 -5.000000000000006661e-01 -7.431448254773935780e-01 -9.135454576426005335e-01 -9.945218953682734009e-01 -9.781476007338054668e-01 -8.660254037844382635e-01 -6.691306063588590147e-01 -4.067366430757995421e-01 -1.045284632676527770e-01 2.079116908177582601e-01 5.000000000000005551e-01 7.431448254773934670e-01 9.135454576426011997e-01 9.945218953682734009e-01 9.781476007338054668e-01 8.660254037844383745e-01 6.691306063588591257e-01 4.067366430758013185e-01 1.045284632676529019e-01 -2.079116908177581491e-01 -4.999999999999989453e-01 -7.431448254773945772e-01
-3.746065934159123478e-01 -6.975647374412563551e-02 2.419218955996665088e-01 5.299192642332039016e-01 7.660444431189777914e-01 9.271838545667872022e-01 9.975640502598241977e-01 9.702957262759968060e-01 8.480480961564266229e-01 6.427876096865403621e-01 3.746065934159116262e-01 6.975647374412487223e-02 -2.419218955996663978e-01 -5.299192642332053449e-01 -7.660444431189771253e-01 -9.271838545667868692e-01 -9.975640502598243087e-01 -9.702957262759968060e-01 -8.480480961564258457e-01 -6.427876096865404731e-01 -3.746065934159117372e-01 -6.975647374412499713e-02 2.419218955996662868e-01 5.299192642332021252e-01 7.660444431189770143e-01 9.271838545667875353e-01 9.975640502598243087e-01 9.702957262759968060e-01 8.480480961564258457e-01 6.427876096865404731e-01 3.746065934159118482e-01 6.975647374412512203e-02 -2.419218955996661480e-01 -5.299192642332021252e-01 -7.660444431189770143e-01 -9.271838545667874243e-01
-3.489949670250082348e-02 2.756373558169993299e-01 5.591929034707462387e-01 7.880107536067214591e-01 9.396926207859080948e-01 9.993908270190957621e-01 9.612616959383188942e-01 8.290375725550426234e-01 6.156614753256582917e-01 3.420201433256687129e-01 3.489949670250094144e-02 -2.756373558169974980e-01 -5.591929034707467938e-01 -7.880107536067219032e-01 -9.396926207859084279e-01 -9.993908270190957621e-01 -9.612616959383193382e-01 -8.290375725550417352e-01 -6.156614753256584027e-01 -3.420201433256688239e-01 -3.489949670250106634e-02 2.756373558169973870e-01 5.591929034707452395e-01 7.880107536067219032e-01 9.396926207859083169e-01 9.993908270190957621e-01 9.612616959383194493e-01 8.290375725550417352e-01 6.156614753256570705e-01 3.420201433256689350e-01 3.489949670250118430e-02 -2.756373558169972759e-01 -5.591929034707451285e-01 -7.880107536067217922e-01 -9.396926207859088720e-01 -9.993908270190957621e-01
3.090169943749471737e-01 5.877852522924735812e-01 8.090169943749467851e-01 9.510565162951535312e-01 1.000000000000000000e+00 9.510565162951536422e-01 8.090169943749476733e-01 5.877852522924733591e-01 3.090169943749477843e-01 3.673940397442059375e-16 -3.090169943749470627e-01 -5.877852522924728040e-01 -8.090169943749472292e-01 -9.510565162951539753e-01 -1.000000000000000000e+00 -9.510565162951543083e-01 -8.090169943749476733e-01 -5.877852522924734702e-01 -3.090169943749461745e-01 -4.898587196589412829e-16 3.090169943749452308e-01 5.877852522924726930e-01 8.090169943749471182e-01 9.510565162951539753e-01 1.000000000000000000e+00 9.510565162951543083e-01 8.090169943749477843e-01 5.877852522924721379e-01 3.090169943749462855e-01 6.123233995736766282e-16 -3.090169943749451198e-01 -5.877852522924696954e-01 -8.090169943749460080e-01 -9.510565162951534202e-01 -1.000000000000000000e+00 -9.510565162951537532e-01
