3.420201433256687129e-01 3.420201433256687129e-01 3.420201433256687129e-01 3.420201433256687129e-01 3.420201433256687129e-01 3.420201433256687129e-01 3.420201433256687129e-01 3.420201433256687129e-01 3.420201433256687129e-01 3.420201433256687129e-01 3.420201433256687129e-01 3.420201433256687129e-01 3.420201433256687129e-01 3.420201433256687129e-01 3.420201433256687129e-01 3.420201433256687129e-01 3.420201433256687129e-01 3.420201433256687129e-01 3.420201433256687129e-01 3.420201433256687129e-01 3.420201433256687129e-01 3.420201433256687129e-01 3.420201433256687129e-01 3.420201433256687129e-01 3.420201433256687129e-01 3.420201433256687129e-01 3.420201433256687129e-01 3.420201433256687129e-01 3.420201433256687129e-01 3.420201433256687129e-01 3.420201433256687129e-01 3.420201433256687129e-01 3.420201433256687129e-01 3.420201433256687129e-01 3.420201433256687129e-01 3.420201433256687129e-01
6.427876096865392519e-01 6.427876096865392519e-01 6.427876096865392519e-01 6.427876096865392519e-01 6.427876096865392519e-01 6.427876096865392519e-01 6.427876096865392519e-01 6.427876096865392519e-01 6.427876096865392519e-01 6.427876096865392519e-01 6.427876096865392519e-01 6.427876096865392519e-01 6.427876096865392519e-01 6.427876096865392519e-01 6.427876096865392519e-01 6.427876096865392519e-01 6.427876096865392519e-01 6.427876096865392519e-01 6.427876096865392519e-01 6.427876096865392519e-01 6.427876096865392519e-01 6.427876096865392519e-01 6.427876096865392519e-01 6.427876096865392519e-01 6.427876096865392519e-01 6.427876096865392519e-01 6.427876096865392519e-01 6.427876096865392519e-01 6.427876096865392519e-01 6.427876096865392519e-01 6.427876096865392519e-01 6.427876096865392519e-01 6.427876096865392519e-01 6.427876096865392519e-01 6.427876096865392519e-01 6.427876096865392519e-01
8.660254037844385966e-01 8.660254037844385966e-01 8.660254037844385966e-01 8.660254037844385966e-01 8.660254037844385966e-01 8.660254037844385966e-01 8.660254037844385966e-01 8.660254037844385966e-01 8.660254037844385966e-01 8.660254037844385966e-01 8.660254037844385966e-01 8.660254037844385966e-01 8.660254037844385966e-01 8.660254037844385966e-01 8.660254037844385966e-01 8.660254037844385966e-01 8.660254037844385966e-01 8.660254037844385966e-01 8.660254037844385966e-01 8.660254037844385966e-01 8.660254037844385966e-01 8.660254037844385966e-01 8.660254037844385966e-01 8.660254037844385966e-01 8.660254037844385966e-01 8.660254037844385966e-01 8.660254037844385966e-01 8.660254037844385966e-01 8.660254037844385966e-01 8.660254037844385966e-01 8.660254037844385966e-01 8.660254037844385966e-01 8.660254037844385966e-01 8.660254037844385966e-01 8.660254037844385966e-01 8.660254037844385966e-01
9.848077530122080203e-01 9.848077530122080203e-01 9.848077530122080203e-01 9.848077530122080203e-01 9.848077530122080203e-01 9.848077530122080203e-01 9.848077530122080203e-01 9.848077530122080203e-01 9.848077530122080203e-01 9.848077530122080203e-01 9.848077530122080203e-01 9.848077530122080203e-01 9.848077530122080203e-01 9.848077530122080203e-01 9.848077530122080203e-01 9.848077530122080203e-01 9.848077530122080203e-01 9.848077530122080203e-01 9.848077530122080203e-01 9.848077530122080203e-01 9.848077530122080203e-01 9.848077530122080203e-01 9.848077530122080203e-01 9.848077530122080203e-01 9.848077530122080203e-01 9.848077530122080203e-01 9.848077530122080203e-01 9.848077530122080203e-01 9.848077530122080203e-01 9.848077530122080203e-01 9.848077530122080203e-01 9.848077530122080203e-01 9.848077530122080203e-01 9.848077530122080203e-01 9.848077530122080203e-01 9.848077530122080203e-01
9.848077530122080203e-01 9.848077530122080203e-01 9.848077530122080203e-01 9.848077530122080203e-01 9.848077530122080203e-01 9.848077530122080203e-01 9.848077530122080203e-01 9.848077530122080203e-01 9.848077530122080203e-01 9.848077530122080203e-01 9.848077530122080203e-01 9.848077530122080203e-01 9.848077530122080203e-01 9.848077530122080203e-01 9.848077530122080203e-01 9.848077530122080203e-01 9.848077530122080203e-01 9.848077530122080203e-01 9.848077530122080203e-01 9.848077530122080203e-01 9.848077530122080203e-01 9.848077530122080203e-01 9.848077530122080203e-01 9.848077530122080203e-01 9.848077530122080203e-01 9.848077530122080203e-01 9.848077530122080203e-01 9.848077530122080203e-01 9.848077530122080203e-01 9.848077530122080203e-01 9.848077530122080203e-01 9.848077530122080203e-01 9.848077530122080203e-01 9.848077530122080203e-01 9.848077530122080203e-01 9.848077530122080203e-01
8.660254037844387076e-01 8.660254037844387076e-01 8.660254037844387076e-01 8.660254037844387076e-01 8.660254037844387076e-01 8.660254037844387076e-01 8.660254037844387076e-01 8.660254037844387076e-01 8.660254037844387076e-01 8.660254037844387076e-01 8.660254037844387076e-01 8.660254037844387076e-01 8.660254037844387076e-01 8.660254037844387076e-01 8.660254037844387076e-01 8.660254037844387076e-01 8.660254037844387076e-01 8.660254037844387076e-01 8.660254037844387076e-01 8.660254037844387076e-01 8.660254037844387076e-01 8.660254037844387076e-01 8.660254037844387076e-01 8.660254037844387076e-01 8.660254037844387076e-01 8.660254037844387076e-01 8.660254037844387076e-01 8.660254037844387076e-01 8.660254037844387076e-01 8.660254037844387076e-01 8.660254037844387076e-01 8.660254037844387076e-01 8.660254037844387076e-01 8.660254037844387076e-01 8.660254037844387076e-01 8.660254037844387076e-01
6.427876096865394739e-01 6.427876096865394739e-01 6.427876096865394739e-01 6.427876096865394739e-01 6.427876096865394739e-01 6.427876096865394739e-01 6.427876096865394739e-01 6.427876096865394739e-01 6.427876096865394739e-01 6.427876096865394739e-01 6.427876096865394739e-01 6.427876096865394739e-01 6.427876096865394739e-01 6.427876096865394739e-01 6.427876096865394739e-01 6.427876096865394739e-01 6.427876096865394739e-01 6.427876096865394739e-01 6.427876096865394739e-01 6.427876096865394739e-01 6.427876096865394739e-01 6.427876096865394739e-01 6.427876096865394739e-01 6.427876096865394739e-01 6.427876096865394739e-01 6.427876096865394739e-01 6.427876096865394739e-01 6.427876096865394739e-01 6.427876096865394739e-01 6.427876096865394739e-01 6.427876096865394739e-01 6.427876096865394739e-01 6.427876096865394739e-01 6.427876096865394739e-01 6.427876096865394739e-01 6.427876096865394739e-01
3.420201433256688794e-01 3.420201433256688794e-01 3.420201433256688794e-01 3.420201433256688794e-01 3.420201433256688794e-01 3.420201433256688794e-01 3.420201433256688794e-01 3.420201433256688794e-01 3.420201433256688794e-01 3.420201433256688794e-01 3.420201433256688794e-01 3.420201433256688794e-01 3.420201433256688794e-01 3.420201433256688794e-01 3.420201433256688794e-01 3.420201433256688794e-01 3.420201433256688794e-01 3.420201433256688794e-01 3.420201433256688794e-01 3.420201433256688794e-01 3.420201433256688794e-01 3.420201433256688794e-01 3.420201433256688794e-01 3.420201433256688794e-01 3.420201433256688794e-01 3.420201433256688794e-01 3.420201433256688794e-01 3.420201433256688794e-01 3.420201433256688794e-01 3.420201433256688794e-01 3.420201433256688794e-01 3.420201433256688794e-01 3.420201433256688794e-01 3.420201433256688794e-01 3.420201433256688794e-01 3.420201433256688794e-01
1.224646799147353207e-16 1.224646799147353207e-16 1.224646799147353207e-16 1.224646799147353207e-16 1.224646799147353207e-16 1.224646799147353207e-16 1.224646799147353207e-16 1.224646799147353207e-16 1.224646799147353207e-16 1.224646799147353207e-16 1.224646799147353207e-16 1.224646799147353207e-16 1.224646799147353207e-16 1.224646799147353207e-16 1.224646799147353207e-16 1.224646799147353207e-16 1.224646799147353207e-16 1.224646799147353207e-16 1.224646799147353207e-16 1.224646799147353207e-16 1.224646799147353207e-16 1.224646799147353207e-16 1.224646799147353207e-16 1.224646799147353207e-16 1.224646799147353207e-16 1.224646799147353207e-16 1.224646799147353207e-16 1.224646799147353207e-16 1.224646799147353207e-16 1.224646799147353207e-16 1.224646799147353207e-16 1.224646799147353207e-16 1.224646799147353207e-16 1.224646799147353207e-16 1.224646799147353207e-16 1.224646799147353207e-16
-3.420201433256686574e-01 -3.420201433256686574e-01 -3.420201433256686574e-01 -3.420201433256686574e-01 -3.420201433256686574e-01 -3.420201433256686574e-01 -3.420201433256686574e-01 -3.420201433256686574e-01 -3.420201433256686574e-01 -3.420201433256686574e-01 -3.420201433256686574e-01 -3.420201433256686574e-01 -3.420201433256686574e-01 -3.420201433256686574e-01 -3.420201433256686574e-01 -3.420201433256686574e-01 -3.420201433256686574e-01 -3.420201433256686574e-01 -3.420201433256686574e-01 -3.420201433256686574e-01 -3.420201433256686574e-01 -3.420201433256686574e-01 -3.420201433256686574e-01 -3.420201433256686574e-01 -3.420201433256686574e-01 -3.420201433256686574e-01 -3.420201433256686574e-01 -3.420201433256686574e-01 -3.420201433256686574e-01 -3.420201433256686574e-01 -3.420201433256686574e-01 -3.420201433256686574e-01 -3.420201433256686574e-01 -3.420201433256686574e-01 -3.420201433256686574e-01 -3.420201433256686574e-01
-6.427876096865392519e-01 -6.427876096865392519e-01 -6.427876096865392519e-01 -6.427876096865392519e-01 -6.427876096865392519e-01 -6.427876096865392519e-01 -6.427876096865392519e-01 -6.427876096865392519e-01 -6.427876096865392519e-01 -6.427876096865392519e-01 -6.427876096865392519e-01 -6.427876096865392519e-01 -6.427876096865392519e-01 -6.427876096865392519e-01 -6.427876096865392519e-01 -6.427876096865392519e-01 -6.427876096865392519e-01 -6.427876096865392519e-01 -6.427876096865392519e-01 -6.427876096865392519e-01 -6.427876096865392519e-01 -6.427876096865392519e-01 -6.427876096865392519e-01 -6.427876096865392519e-01 -6.427876096865392519e-01 -6.427876096865392519e-01 -6.427876096865392519e-01 -6.427876096865392519e-01 -6.427876096865392519e-01 -6.427876096865392519e-01 -6.427876096865392519e-01 -6.427876096865392519e-01 -6.427876096865392519e-01 -6.427876096865392519e-01 -6.427876096865392519e-01 -6.427876096865392519e-01
-8.660254037844383745e-01 -8.660254037844383745e-01 -8.660254037844383745e-01 -8.660254037844383745e-01 -8.660254037844383745e-01 -8.660254037844383745e-01 -8.660254037844383745e-01 -8.660254037844383745e-01 -8.660254037844383745e-01 -8.660254037844383745e-01 -8.660254037844383745e-01 -8.660254037844383745e-01 -8.660254037844383745e-01 -8.660254037844383745e-01 -8.660254037844383745e-01 -8.660254037844383745e-01 -8.660254037844383745e-01 -8.660254037844383745e-01 -8.660254037844383745e-01 -8.660254037844383745e-01 -8.660254037844383745e-01 -8.660254037844383745e-01 -8.660254037844383745e-01 -8.660254037844383745e-01 -8.660254037844383745e-01 -8.660254037844383745e-01 -8.660254037844383745e-01 -8.660254037844383745e-01 -8.660254037844383745e-01 -8.660254037844383745e-01 -8.660254037844383745e-01 -8.660254037844383745e-01 -8.660254037844383745e-01 -8.660254037844383745e-01 -8.660254037844383745e-01 -8.660254037844383745e-01
-9.848077530122080203e-01 -9.848077530122080203e-01 -9.848077530122080203e-01 -9.848077530122080203e-01 -9.848077530122080203e-01 -9.848077530122080203e-01 -9.848077530122080203e-01 -9.848077530122080203e-01 -9.848077530122080203e-01 -9.848077530122080203e-01 -9.848077530122080203e-01 -9.848077530122080203e-01 -9.848077530122080203e-01 -9.848077530122080203e-01 -9.848077530122080203e-01 -9.848077530122080203e-01 -9.848077530122080203e-01 -9.848077530122080203e-01 -9.848077530122080203e-01 -9.848077530122080203e-01 -9.848077530122080203e-01 -9.848077530122080203e-01 -9.848077530122080203e-01 -9.848077530122080203e-01 -9.848077530122080203e-01 -9.848077530122080203e-01 -9.848077530122080203e-01 -9.848077530122080203e-01 -9.848077530122080203e-01 -9.848077530122080203e-01 -9.848077530122080203e-01 -9.848077530122080203e-01 -9.848077530122080203e-01 -9.848077530122080203e-01 -9.848077530122080203e-01 -9.848077530122080203e-01
-9.848077530122081313e-01 -9.848077530122081313e-01 -9.848077530122081313e-01 -9.848077530122081313e-01 -9.848077530122081313e-01 -9.848077530122081313e-01 -9.848077530122081313e-01 -9.848077530122081313e-01 -9.848077530122081313e-01 -9.848077530122081313e-01 -9.848077530122081313e-01 -9.848077530122081313e-01 -9.848077530122081313e-01 -9.848077530122081313e-01 -9.848077530122081313e-01 -9.848077530122081313e-01 -9.848077530122081313e-01 -9.848077530122081313e-01 -9.848077530122081313e-01 -9.848077530122081313e-01 -9.848077530122081313e-01 -9.848077530122081313e-01 -9.848077530122081313e-01 -9.848077530122081313e-01 -9.848077530122081313e-01 -9.848077530122081313e-01 -9.848077530122081313e-01 -9.848077530122081313e-01 -9.848077530122081313e-01 -9.848077530122081313e-01 -9.848077530122081313e-01 -9.848077530122081313e-01 -9.848077530122081313e-01 -9.848077530122081313e-01 -9.848077530122081313e-01 -9.848077530122081313e-01
-8.660254037844385966e-01 -8.660254037844385966e-01 -8.660254037844385966e-01 -8.660254037844385966e-01 -8.660254037844385966e-01 -8.660254037844385966e-01 -8.660254037844385966e-01 -8.660254037844385966e-01 -8.660254037844385966e-01 -8.660254037844385966e-01 -8.660254037844385966e-01 -8.660254037844385966e-01 -8.660254037844385966e-01 -8.660254037844385966e-01 -8.660254037844385966e-01 -8.660254037844385966e-01 -8.660254037844385966e-01 -8.660254037844385966e-01 -8.660254037844385966e-01 -8.660254037844385966e-01 -8.660254037844385966e-01 -8.660254037844385966e-01 -8.660254037844385966e-01 -8.660254037844385966e-01 -8.660254037844385966e-01 -8.660254037844385966e-01 -8.660254037844385966e-01 -8.660254037844385966e-01 -8.660254037844385966e-01 -8.660254037844385966e-01 -8.660254037844385966e-01 -8.660254037844385966e-01 -8.660254037844385966e-01 -8.660254037844385966e-01 -8.660254037844385966e-01 -8.660254037844385966e-01
-6.427876096865395850e-01 -6.427876096865395850e-01 -6.427876096865395850e-01 -6.427876096865395850e-01 -6.427876096865395850e-01 -6.427876096865395850e-01 -6.427876096865395850e-01 -6.427876096865395850e-01 -6.427876096865395850e-01 -6.427876096865395850e-01 -6.427876096865395850e-01 -6.427876096865395850e-01 -6.427876096865395850e-01 -6.427876096865395850e-01 -6.427876096865395850e-01 -6.427876096865395850e-01 -6.427876096865395850e-01 -6.427876096865395850e-01 -6.427876096865395850e-01 -6.427876096865395850e-01 -6.427876096865395850e-01 -6.427876096865395850e-01 -6.427876096865395850e-01 -6.427876096865395850e-01 -6.427876096865395850e-01 -6.427876096865395850e-01 -6.427876096865395850e-01 -6.427876096865395850e-01 -6.427876096865395850e-01 -6.427876096865395850e-01 -6.427876096865395850e-01 -6.427876096865395850e-01 -6.427876096865395850e-01 -6.427876096865395850e-01 -6.427876096865395850e-01 -6.427876096865395850e-01
-3.420201433256694346e-01 -3.420201433256694346e-01 -3.420201433256694346e-01 -3.420201433256694346e-01 -3.420201433256694346e-01 -3.420201433256694346e-01 -3.420201433256694346e-01 -3.420201433256694346e-01 -3.420201433256694346e-01 -3.420201433256694346e-01 -3.420201433256694346e-01 -3.420201433256694346e-01 -3.420201433256694346e-01 -3.420201433256694346e-01 -3.420201433256694346e-01 -3.420201433256694346e-01 -3.420201433256694346e-01 -3.420201433256694346e-01 -3.420201433256694346e-01 -3.420201433256694346e-01 -3.420201433256694346e-01 -3.420201433256694346e-01 -3.420201433256694346e-01 -3.420201433256694346e-01 -3.420201433256694346e-01 -3.420201433256694346e-01 -3.420201433256694346e-01 -3.420201433256694346e-01 -3.420201433256694346e-01 -3.420201433256694346e-01 -3.420201433256694346e-01 -3.420201433256694346e-01 -3.420201433256694346e-01 -3.420201433256694346e-01 -3.420201433256694346e-01 -3.420201433256694346e-01
-2.449293598294706414e-16 -2.449293598294706414e-16 -2.449293598294706414e-16 -2.449293598294706414e-16 -2.449293598294706414e-16 -2.449293598294706414e-16 -2.449293598294706414e-16 -2.449293598294706414e-16 -2.449293598294706414e-16 -2.449293598294706414e-16 -2.449293598294706414e-16 -2.449293598294706414e-16 -2.449293598294706414e-16 -2.449293598294706414e-16 -2.449293598294706414e-16 -2.449293598294706414e-16 -2.449293598294706414e-16 -2.449293598294706414e-16 -2.449293598294706414e-16 -2.449293598294706414e-16 -2.449293598294706414e-16 -2.449293598294706414e-16 -2.449293598294706414e-16 -2.449293598294706414e-16 -2.449293598294706414e-16 -2.449293598294706414e-16 -2.449293598294706414e-16 -2.449293598294706414e-16 -2.449293598294706414e-16 -2.449293598294706414e-16 -2.449293598294706414e-16 -2.449293598294706414e-16 -2.449293598294706414e-16 -2.449293598294706414e-16 -2.449293598294706414e-16 -2.449293598294706414e-16
