5.299192642332049008e-01 6.946583704589973651e-01 8.290375725550417352e-01 9.271838545667874243e-01 9.848077530122081313e-01 9.993908270190957621e-01 9.702957262759964729e-01 8.987940462991667046e-01 7.880107536067216811e-01 6.427876096865391409e-01 4.694715627858906948e-01 2.756373558169988303e-01 6.975647374412508039e-02 -1.391731009600655211e-01 -3.420201433256694901e-01 -5.299192642332054559e-01 -6.946583704589976982e-01 -8.290375725550418462e-01 -9.271838545667876463e-01 -9.848077530122080203e-01 -9.993908270190956511e-01 -9.702957262759963619e-01 -8.987940462991670376e-01 -7.880107536067217922e-01 -6.427876096865389188e-01 -4.694715627858900286e-01 -2.756373558169981086e-01 -6.975647374412476120e-02 1.391731009600662705e-01 3.420201433256697676e-01 5.299192642332053449e-01 6.946583704589979202e-01 8.290375725550418462e-01 9.271838545667878684e-01 9.848077530122080203e-01 9.993908270190956511e-01
7.880107536067219032e-01 8.987940462991669266e-01 9.702957262759964729e-01 9.993908270190957621e-01 9.848077530122080203e-01 9.271838545667874243e-01 8.290375725550417352e-01 6.946583704589971431e-01 5.299192642332050118e-01 3.420201433256684909e-01 1.391731009600648827e-01 -6.975647374412483059e-02 -2.756373558169994409e-01 -4.694715627858908613e-01 -6.427876096865392519e-01 -7.880107536067226803e-01 -8.987940462991668156e-01 -9.702957262759966950e-01 -9.993908270190957621e-01 -9.848077530122080203e-01 -9.271838545667870912e-01 -8.290375725550416242e-01 -6.946583704589975872e-01 -5.299192642332043457e-01 -3.420201433256677692e-01 -1.391731009600649938e-01 6.975647374412603796e-02 2.756373558169993299e-01 4.694715627858911389e-01 6.427876096865405842e-01 7.880107536067225693e-01 8.987940462991675927e-01 9.702957262759965840e-01 9.993908270190957621e-01 9.848077530122077983e-01 9.271838545667870912e-01
9.510565162951535312e-01 9.945218953682732899e-01 9.945218953682734009e-01 9.510565162951535312e-01 8.660254037844385966e-01 7.431448254773942441e-01 5.877852522924732481e-01 4.067366430758000417e-01 2.079116908177593148e-01 1.224646799147353207e-16 -2.079116908177599254e-01 -4.067366430757998197e-01 -5.877852522924733591e-01 -7.431448254773943551e-01 -8.660254037844388186e-01 -9.510565162951535312e-01 -9.945218953682734009e-01 -9.945218953682732899e-01 -9.510565162951536422e-01 -8.660254037844385966e-01 -7.431448254773940221e-01 -5.877852522924725820e-01 -4.067366430758001528e-01 -2.079116908177598699e-01 1.531427479570779774e-15 2.079116908177593703e-01 4.067366430758013185e-01 5.877852522924735812e-01 7.431448254773949103e-01 8.660254037844392627e-01 9.510565162951537532e-01 9.945218953682735119e-01 9.945218953682732899e-01 9.510565162951530871e-01 8.660254037844382635e-01 7.431448254773929118e-01
9.993908270190957621e-01 9.702957262759964729e-01 8.987940462991671486e-01 7.880107536067220142e-01 6.427876096865394739e-01 4.694715627858906948e-01 2.756373558169988303e-01 6.975647374412508039e-02 -1.391731009600655211e-01 -3.420201433256686574e-01 -5.299192642332054559e-01 -6.946583704589973651e-01 -8.290375725550418462e-01 -9.271838545667873133e-01 -9.848077530122080203e-01 -9.993908270190957621e-01 -9.702957262759963619e-01 -8.987940462991670376e-01 -7.880107536067217922e-01 -6.427876096865389188e-01 -4.694715627858900286e-01 -2.756373558169981086e-01 -6.975647374412563551e-02 1.391731009600645219e-01 3.420201433256697676e-01 5.299192642332053449e-01 6.946583704589972541e-01 8.290375725550418462e-01 9.271838545667878684e-01 9.848077530122080203e-01 9.993908270190957621e-01 9.702957262759959178e-01 8.987940462991662605e-01 7.880107536067223473e-01 6.427876096865403621e-01 4.694715627858893625e-01
9.271838545667874243e-01 8.290375725550417352e-01 6.946583704589974761e-01 5.299192642332050118e-01 3.420201433256684909e-01 1.391731009600653268e-01 -6.975647374412571877e-02 -2.756373558169994409e-01 -4.694715627858908613e-01 -6.427876096865392519e-01 -7.880107536067226803e-01 -8.987940462991668156e-01 -9.702957262759966950e-01 -9.993908270190957621e-01 -9.848077530122080203e-01 -9.271838545667870912e-01 -8.290375725550416242e-01 -6.946583704589969210e-01 -5.299192642332043457e-01 -3.420201433256686019e-01 -1.391731009600641056e-01 6.975647374412603796e-02 2.756373558169993299e-01 4.694715627858911389e-01 6.427876096865392519e-01 7.880107536067225693e-01 8.987940462991675927e-01 9.702957262759965840e-01 9.993908270190957621e-01 9.848077530122077983e-01 9.271838545667870912e-01 8.290375725550416242e-01 6.946583704589976982e-01 5.299192642332029024e-01 3.420201433256687129e-01 1.391731009600659930e-01
7.431448254773944662e-01 5.877852522924732481e-01 4.067366430758000417e-01 2.079116908177593148e-01 1.224646799147353207e-16 -2.079116908177590650e-01 -4.067366430757998197e-01 -5.877852522924733591e-01 -7.431448254773940221e-01 -8.660254037844388186e-01 -9.510565162951535312e-01 -9.945218953682734009e-01 -9.945218953682732899e-01 -9.510565162951536422e-01 -8.660254037844381525e-01 -7.431448254773940221e-01 -5.877852522924725820e-01 -4.067366430758001528e-01 -2.079116908177589818e-01 -2.449293598294706414e-16 2.079116908177593703e-01 4.067366430758013185e-01 5.877852522924735812e-01 7.431448254773936890e-01 8.660254037844388186e-01 9.510565162951537532e-01 9.945218953682732899e-01 9.945218953682732899e-01 9.510565162951536422e-01 8.660254037844382635e-01 7.431448254773940221e-01 5.877852522924733591e-01 4.067366430758010409e-01 2.079116908177591205e-01 3.673940397442059375e-16 -2.079116908177601197e-01
4.694715627858906948e-01 2.756373558169988303e-01 6.975647374412508039e-02 -1.391731009600655211e-01 -3.420201433256686574e-01 -5.299192642332047898e-01 -6.946583704589973651e-01 -8.290375725550418462e-01 -9.271838545667873133e-01 -9.848077530122080203e-01 -9.993908270190957621e-01 -9.702957262759963619e-01 -8.987940462991670376e-01 -7.880107536067217922e-01 -6.427876096865389188e-01 -4.694715627858908058e-01 -2.756373558169981086e-01 -6.975647374412563551e-02 1.391731009600662705e-01 3.420201433256689350e-01 5.299192642332053449e-01 6.946583704589979202e-01 8.290375725550418462e-01 9.271838545667872022e-01 9.848077530122080203e-01 9.993908270190956511e-01 9.702957262759963619e-01 8.987940462991662605e-01 7.880107536067223473e-01 6.427876096865390299e-01 4.694715627858909168e-01 2.756373558169982196e-01 6.975647374412487223e-02 -1.391731009600652713e-01 -3.420201433256679913e-01 -5.299192642332053449e-01
1.391731009600657432e-01 -6.975647374412483059e-02 -2.756373558169986082e-01 -4.694715627858904727e-01 -6.427876096865392519e-01 -7.880107536067215701e-01 -8.987940462991668156e-01 -9.702957262759964729e-01 -9.993908270190957621e-01 -9.848077530122081313e-01 -9.271838545667874243e-01 -8.290375725550416242e-01 -6.946583704589975872e-01 -5.299192642332043457e-01 -3.420201433256686019e-01 -1.391731009600649938e-01 6.975647374412514978e-02 2.756373558169993299e-01 4.694715627858911389e-01 6.427876096865392519e-01 7.880107536067225693e-01 8.987940462991675927e-01 9.702957262759965840e-01 9.993908270190957621e-01 9.848077530122077983e-01 9.271838545667870912e-01 8.290375725550416242e-01 6.946583704589976982e-01 5.299192642332044567e-01 3.420201433256687129e-01 1.391731009600659930e-01 -6.975647374412591306e-02 -2.756373558169992188e-01 -4.694715627858918605e-01 -6.427876096865398070e-01 -7.880107536067219032e-01
-2.079116908177590650e-01 -4.067366430757998197e-01 -5.877852522924730261e-01 -7.431448254773940221e-01 -8.660254037844388186e-01 -9.510565162951535312e-01 -9.945218953682734009e-01 -9.945218953682732899e-01 -9.510565162951536422e-01 -8.660254037844385966e-01 -7.431448254773940221e-01 -5.877852522924733591e-01 -4.067366430758001528e-01 -2.079116908177589818e-01 -2.449293598294706414e-16 2.079116908177593703e-01 4.067366430758013185e-01 5.877852522924735812e-01 7.431448254773936890e-01 8.660254037844388186e-01 9.510565162951537532e-01 9.945218953682732899e-01 9.945218953682734009e-01 9.510565162951536422e-01 8.660254037844382635e-01 7.431448254773940221e-01 5.877852522924733591e-01 4.067366430757994311e-01 2.079116908177591205e-01 -1.408962799656044429e-15 -2.079116908177601197e-01 -4.067366430758003748e-01 -5.877852522924728040e-01 -7.431448254773947992e-01 -8.660254037844387076e-01 -9.510565162951539753e-01
-5.299192642332047898e-01 -6.946583704589973651e-01 -8.290375725550414021e-01 -9.271838545667873133e-01 -9.848077530122080203e-01 -9.993908270190957621e-01 -9.702957262759963619e-01 -8.987940462991670376e-01 -7.880107536067217922e-01 -6.427876096865389188e-01 -4.694715627858908058e-01 -2.756373558169989413e-01 -6.975647374412563551e-02 1.391731009600662705e-01 3.420201433256697676e-01 5.299192642332053449e-01 6.946583704589972541e-01 8.290375725550418462e-01 9.271838545667878684e-01 9.848077530122080203e-01 9.993908270190956511e-01 9.702957262759959178e-01 8.987940462991662605e-01 7.880107536067223473e-01 6.427876096865390299e-01 4.694715627858893625e-01 2.756373558169982196e-01 6.975647374412487223e-02 -1.391731009600652713e-01 -3.420201433256696566e-01 -5.299192642332053449e-01 -6.946583704589983643e-01 -8.290375725550421793e-01 -9.271838545667875353e-01 -9.848077530122080203e-01 -9.993908270190956511e-01
-7.880107536067221252e-01 -8.987940462991668156e-01 -9.702957262759964729e-01 -9.993908270190957621e-01 -9.848077530122080203e-01 -9.271838545667874243e-01 -8.290375725550416242e-01 -6.946583704589969210e-01 -5.299192642332043457e-01 -3.420201433256686019e-01 -1.391731009600649938e-01 6.975647374412514978e-02 2.756373558169993299e-01 4.694715627858911389e-01 6.427876096865392519e-01 7.880107536067225693e-01 8.987940462991675927e-01 9.702957262759965840e-01 9.993908270190957621e-01 9.848077530122077983e-01 9.271838545667870912e-01 8.290375725550416242e-01 6.946583704589976982e-01 5.299192642332044567e-01 3.420201433256687129e-01 1.391731009600659930e-01 -6.975647374412591306e-02 -2.756373558170008842e-01 -4.694715627858918605e-01 -6.427876096865398070e-01 -7.880107536067219032e-01 -8.987940462991674817e-01 -9.702957262759965840e-01 -9.993908270190957621e-01 -9.848077530122079093e-01 -9.271838545667872022e-01
-9.510565162951535312e-01 -9.945218953682732899e-01 -9.945218953682734009e-01 -9.510565162951536422e-01 -8.660254037844390407e-01 -7.431448254773940221e-01 -5.877852522924733591e-01 -4.067366430758001528e-01 -2.079116908177598699e-01 -2.449293598294706414e-16 2.079116908177593703e-01 4.067366430757997087e-01 5.877852522924735812e-01 7.431448254773936890e-01 8.660254037844388186e-01 9.510565162951537532e-01 9.945218953682732899e-01 9.945218953682734009e-01 9.510565162951536422e-01 8.660254037844382635e-01 7.431448254773940221e-01 5.877852522924733591e-01 4.067366430758010409e-01 2.079116908177591205e-01 3.673940397442059375e-16 -2.079116908177601197e-01 -4.067366430758003748e-01 -5.877852522924728040e-01 -7.431448254773935780e-01 -8.660254037844395958e-01 -9.510565162951539753e-01 -9.945218953682734009e-01 -9.945218953682735119e-01 -9.510565162951531981e-01 -8.660254037844382635e-01 -7.431448254773941331e-01
-9.993908270190957621e-01 -9.702957262759965840e-01 -8.987940462991670376e-01 -7.880107536067217922e-01 -6.427876096865395850e-01 -4.694715627858908058e-01 -2.756373558169989413e-01 -6.975647374412563551e-02 1.391731009600645219e-01 3.420201433256689350e-01 5.299192642332053449e-01 6.946583704589972541e-01 8.290375725550418462e-01 9.271838545667872022e-01 9.848077530122080203e-01 9.993908270190957621e-01 9.702957262759963619e-01 8.987940462991662605e-01 7.880107536067223473e-01 6.427876096865403621e-01 4.694715627858893625e-01 2.756373558169982196e-01 6.975647374412487223e-02 -1.391731009600652713e-01 -3.420201433256696566e-01 -5.299192642332053449e-01 -6.946583704589971431e-01 -8.290375725550421793e-01 -9.271838545667875353e-01 -9.848077530122080203e-01 -9.993908270190957621e-01 -9.702957262759959178e-01 -8.987940462991663715e-01 -7.880107536067224583e-01 -6.427876096865404731e-01 -4.694715627858894735e-01
-9.271838545667874243e-01 -8.290375725550416242e-01 -6.946583704589975872e-01 -5.299192642332043457e-01 -3.420201433256694346e-01 -1.391731009600649938e-01 6.975647374412514978e-02 2.756373558169993299e-01 4.694715627858911389e-01 6.427876096865392519e-01 7.880107536067225693e-01 8.987940462991668156e-01 9.702957262759965840e-01 9.993908270190957621e-01 9.848077530122077983e-01 9.271838545667870912e-01 8.290375725550416242e-01 6.946583704589976982e-01 5.299192642332044567e-01 3.420201433256687129e-01 1.391731009600659930e-01 -6.975647374412591306e-02 -2.756373558169992188e-01 -4.694715627858918605e-01 -6.427876096865398070e-01 -7.880107536067219032e-01 -8.987940462991674817e-01 -9.702957262759965840e-01 -9.993908270190957621e-01 -9.848077530122079093e-01 -9.271838545667872022e-01 -8.290375725550417352e-01 -6.946583704589978092e-01 -5.299192642332030134e-01 -3.420201433256688239e-01 -1.391731009600661317e-01
-7.431448254773940221e-01 -5.877852522924733591e-01 -4.067366430758001528e-01 -2.079116908177589818e-01 -2.449293598294706414e-16 2.079116908177593703e-01 4.067366430757997087e-01 5.877852522924735812e-01 7.431448254773936890e-01 8.660254037844388186e-01 9.510565162951537532e-01 9.945218953682732899e-01 9.945218953682732899e-01 9.510565162951536422e-01 8.660254037844382635e-01 7.431448254773940221e-01 5.877852522924733591e-01 4.067366430757994311e-01 2.079116908177591205e-01 3.673940397442059375e-16 -2.079116908177601197e-01 -4.067366430758003748e-01 -5.877852522924728040e-01 -7.431448254773935780e-01 -8.660254037844395958e-01 -9.510565162951539753e-01 -9.945218953682734009e-01 -9.945218953682732899e-01 -9.510565162951531981e-01 -8.660254037844382635e-01 -7.431448254773941331e-01 -5.877852522924720269e-01 -4.067366430757995421e-01 -2.079116908177592316e-01 -4.898587196589412829e-16 2.079116908177600087e-01
-4.694715627858915830e-01 -2.756373558169997739e-01 -6.975647374412563551e-02 1.391731009600645219e-01 3.420201433256689350e-01 5.299192642332039016e-01 6.946583704589972541e-01 8.290375725550412911e-01 9.271838545667872022e-01 9.848077530122080203e-01 9.993908270190957621e-01 9.702957262759968060e-01 8.987940462991670376e-01 7.880107536067223473e-01 6.427876096865403621e-01 4.694715627858909168e-01 2.756373558169982196e-01 6.975647374412487223e-02 -1.391731009600652713e-01 -3.420201433256679913e-01 -5.299192642332053449e-01 -6.946583704589971431e-01 -8.290375725550412911e-01 -9.271838545667875353e-01 -9.848077530122080203e-01 -9.993908270190957621e-01 -9.702957262759963619e-01 -8.987940462991663715e-01 -7.880107536067224583e-01 -6.427876096865391409e-01 -4.694715627858910278e-01 -2.756373558169983307e-01 -6.975647374412499713e-02 1.391731009600651603e-01 3.420201433256678802e-01 5.299192642332052339e-01
-1.391731009600658819e-01 6.975647374412514978e-02 2.756373558169993299e-01 4.694715627858903617e-01 6.427876096865392519e-01 7.880107536067214591e-01 8.987940462991668156e-01 9.702957262759965840e-01 9.993908270190957621e-01 9.848077530122081313e-01 9.271838545667877574e-01 8.290375725550416242e-01 6.946583704589976982e-01 5.299192642332044567e-01 3.420201433256687129e-01 1.391731009600659930e-01 -6.975647374412415058e-02 -2.756373558169992188e-01 -4.694715627858918605e-01 -6.427876096865398070e-01 -7.880107536067219032e-01 -8.987940462991674817e-01 -9.702957262759965840e-01 -9.993908270190957621e-01 -9.848077530122079093e-01 -9.271838545667872022e-01 -8.290375725550417352e-01 -6.946583704589978092e-01 -5.299192642332045677e-01 -3.420201433256688239e-01 -1.391731009600661317e-01 6.975647374412402568e-02 2.756373558169973870e-01 4.694715627858917495e-01 6.427876096865396960e-01 7.880107536067230134e-01
2.079116908177593703e-01 4.067366430757997087e-01 5.877852522924735812e-01 7.431448254773936890e-01 8.660254037844388186e-01 9.510565162951535312e-01 9.945218953682732899e-01 9.945218953682734009e-01 9.510565162951536422e-01 8.660254037844382635e-01 7.431448254773940221e-01 5.877852522924733591e-01 4.067366430758010409e-01 2.079116908177591205e-01 3.673940397442059375e-16 -2.079116908177601197e-01 -4.067366430758003748e-01 -5.877852522924728040e-01 -7.431448254773935780e-01 -8.660254037844387076e-01 -9.510565162951539753e-01 -9.945218953682734009e-01 -9.945218953682735119e-01 -9.510565162951537532e-01 -8.660254037844382635e-01 -7.431448254773941331e-01 -5.877852522924734702e-01 -4.067366430757995421e-01 -2.079116908177592316e-01 -4.898587196589412829e-16 2.079116908177582601e-01 4.067366430758002638e-01 5.877852522924726930e-01 7.431448254773959095e-01 8.660254037844395958e-01 9.510565162951539753e-01
