1.736481776669303312e-01 0.000000000000000000e+00 -1.736481776669303312e-01 -3.420201433256687129e-01 -5.000000000000000000e-01 -6.427876096865392519e-01 -7.660444431189780135e-01 -8.660254037844385966e-01 -9.396926207859083169e-01 -9.848077530122081313e-01 -1.000000000000000000e+00 -9.848077530122080203e-01 -9.396926207859084279e-01 -8.660254037844385966e-01 -7.660444431189780135e-01 -6.427876096865394739e-01 -5.000000000000003331e-01 -3.420201433256688794e-01 -1.736481776669307198e-01 -1.224646799147353207e-16 1.736481776669304700e-01 3.420201433256686574e-01 4.999999999999993894e-01 6.427876096865389188e-01 7.660444431189779024e-01 8.660254037844383745e-01 9.396926207859082059e-01 9.848077530122080203e-01 1.000000000000000000e+00 9.848077530122081313e-01 9.396926207859083169e-01 8.660254037844390407e-01 7.660444431189786796e-01 6.427876096865395850e-01 5.000000000000004441e-01 3.420201433256694346e-01
4.999999999999999445e-01 3.420201433256687129e-01 1.736481776669303312e-01 0.000000000000000000e+00 -1.736481776669304145e-01 -3.420201433256687129e-01 -5.000000000000000000e-01 -6.427876096865392519e-01 -7.660444431189780135e-01 -8.660254037844387076e-01 -9.396926207859084279e-01 -9.848077530122080203e-01 -1.000000000000000000e+00 -9.848077530122080203e-01 -9.396926207859084279e-01 -8.660254037844387076e-01 -7.660444431189780135e-01 -6.427876096865394739e-01 -4.999999999999999445e-01 -3.420201433256684909e-01 -1.736481776669302757e-01 -1.224646799147353207e-16 1.736481776669295818e-01 3.420201433256686574e-01 4.999999999999993894e-01 6.427876096865392519e-01 7.660444431189779024e-01 8.660254037844388186e-01 9.396926207859082059e-01 9.848077530122080203e-01 1.000000000000000000e+00 9.848077530122081313e-01 9.396926207859083169e-01 8.660254037844390407e-01 7.660444431189781245e-01 6.427876096865395850e-01
7.660444431189780135e-01 6.427876096865392519e-01 4.999999999999999445e-01 3.420201433256687129e-01 1.736481776669302479e-01 0.000000000000000000e+00 -1.736481776669304145e-01 -3.420201433256687129e-01 -5.000000000000000000e-01 -6.427876096865393629e-01 -7.660444431189781245e-01 -8.660254037844385966e-01 -9.396926207859083169e-01 -9.848077530122081313e-01 -1.000000000000000000e+00 -9.848077530122080203e-01 -9.396926207859084279e-01 -8.660254037844385966e-01 -7.660444431189780135e-01 -6.427876096865391409e-01 -4.999999999999995559e-01 -3.420201433256684909e-01 -1.736481776669307198e-01 -1.224646799147353207e-16 1.736481776669304700e-01 3.420201433256686574e-01 5.000000000000001110e-01 6.427876096865392519e-01 7.660444431189784575e-01 8.660254037844388186e-01 9.396926207859084279e-01 9.848077530122080203e-01 1.000000000000000000e+00 9.848077530122081313e-01 9.396926207859083169e-01 8.660254037844385966e-01
9.396926207859083169e-01 8.660254037844385966e-01 7.660444431189780135e-01 6.427876096865392519e-01 4.999999999999998335e-01 3.420201433256687129e-01 1.736481776669302479e-01 0.000000000000000000e+00 -1.736481776669304145e-01 -3.420201433256688794e-01 -5.000000000000001110e-01 -6.427876096865392519e-01 -7.660444431189780135e-01 -8.660254037844387076e-01 -9.396926207859084279e-01 -9.848077530122080203e-01 -1.000000000000000000e+00 -9.848077530122080203e-01 -9.396926207859084279e-01 -8.660254037844385966e-01 -7.660444431189780135e-01 -6.427876096865391409e-01 -5.000000000000003331e-01 -3.420201433256688794e-01 -1.736481776669307198e-01 -1.224646799147353207e-16 1.736481776669304700e-01 3.420201433256686574e-01 5.000000000000001110e-01 6.427876096865392519e-01 7.660444431189784575e-01 8.660254037844383745e-01 9.396926207859082059e-01 9.848077530122080203e-01 1.000000000000000000e+00 9.848077530122081313e-01
1.000000000000000000e+00 9.848077530122081313e-01 9.396926207859084279e-01 8.660254037844387076e-01 7.660444431189780135e-01 6.427876096865393629e-01 5.000000000000000000e-01 3.420201433256688794e-01 1.736481776669304145e-01 0.000000000000000000e+00 -1.736481776669304145e-01 -3.420201433256685464e-01 -4.999999999999998335e-01 -6.427876096865392519e-01 -7.660444431189780135e-01 -8.660254037844384856e-01 -9.396926207859083169e-01 -9.848077530122080203e-01 -1.000000000000000000e+00 -9.848077530122080203e-01 -9.396926207859084279e-01 -8.660254037844385966e-01 -7.660444431189783465e-01 -6.427876096865394739e-01 -5.000000000000003331e-01 -3.420201433256688794e-01 -1.736481776669307198e-01 -1.224646799147353207e-16 1.736481776669304700e-01 3.420201433256686574e-01 5.000000000000001110e-01 6.427876096865389188e-01 7.660444431189779024e-01 8.660254037844383745e-01 9.396926207859082059e-01 9.848077530122080203e-01
9.396926207859084279e-01 9.848077530122080203e-01 1.000000000000000000e+00 9.848077530122080203e-01 9.396926207859083169e-01 8.660254037844385966e-01 7.660444431189780135e-01 6.427876096865392519e-01 4.999999999999998335e-01 3.420201433256685464e-01 1.736481776669300536e-01 0.000000000000000000e+00 -1.736481776669304145e-01 -3.420201433256688794e-01 -5.000000000000001110e-01 -6.427876096865392519e-01 -7.660444431189780135e-01 -8.660254037844387076e-01 -9.396926207859084279e-01 -9.848077530122081313e-01 -1.000000000000000000e+00 -9.848077530122080203e-01 -9.396926207859084279e-01 -8.660254037844387076e-01 -7.660444431189780135e-01 -6.427876096865394739e-01 -4.999999999999999445e-01 -3.420201433256684909e-01 -1.736481776669302757e-01 -1.224646799147353207e-16 1.736481776669309141e-01 3.420201433256686574e-01 4.999999999999993894e-01 6.427876096865392519e-01 7.660444431189779024e-01 8.660254037844388186e-01
7.660444431189780135e-01 8.660254037844385966e-01 9.396926207859084279e-01 9.848077530122080203e-01 1.000000000000000000e+00 9.848077530122081313e-01 9.396926207859083169e-01 8.660254037844387076e-01 7.660444431189780135e-01 6.427876096865392519e-01 4.999999999999998335e-01 3.420201433256688794e-01 1.736481776669304145e-01 0.000000000000000000e+00 -1.736481776669304145e-01 -3.420201433256685464e-01 -4.999999999999998335e-01 -6.427876096865392519e-01 -7.660444431189780135e-01 -8.660254037844387076e-01 -9.396926207859084279e-01 -9.848077530122081313e-01 -1.000000000000000000e+00 -9.848077530122081313e-01 -9.396926207859084279e-01 -8.660254037844387076e-01 -7.660444431189780135e-01 -6.427876096865394739e-01 -4.999999999999999445e-01 -3.420201433256684909e-01 -1.736481776669302757e-01 -5.665538897647979615e-16 1.736481776669295818e-01 3.420201433256686574e-01 4.999999999999993894e-01 6.427876096865392519e-01
5.000000000000003331e-01 6.427876096865394739e-01 7.660444431189780135e-01 8.660254037844387076e-01 9.396926207859084279e-01 9.848077530122080203e-01 1.000000000000000000e+00 9.848077530122080203e-01 9.396926207859083169e-01 8.660254037844384856e-01 7.660444431189777914e-01 6.427876096865392519e-01 4.999999999999998335e-01 3.420201433256685464e-01 1.736481776669300536e-01 0.000000000000000000e+00 -1.736481776669304145e-01 -3.420201433256688794e-01 -5.000000000000001110e-01 -6.427876096865395850e-01 -7.660444431189782355e-01 -8.660254037844388186e-01 -9.396926207859083169e-01 -9.848077530122080203e-01 -1.000000000000000000e+00 -9.848077530122080203e-01 -9.396926207859084279e-01 -8.660254037844385966e-01 -7.660444431189780135e-01 -6.427876096865391409e-01 -4.999999999999995559e-01 -3.420201433256688794e-01 -1.736481776669307198e-01 -1.224646799147353207e-16 1.736481776669304700e-01 3.420201433256686574e-01
1.736481776669307198e-01 3.420201433256688794e-01 4.999999999999999445e-01 6.427876096865394739e-01 7.660444431189780135e-01 8.660254037844385966e-01 9.396926207859084279e-01 9.848077530122080203e-01 1.000000000000000000e+00 9.848077530122080203e-01 9.396926207859083169e-01 8.660254037844387076e-01 7.660444431189780135e-01 6.427876096865392519e-01 4.999999999999998335e-01 3.420201433256688794e-01 1.736481776669304145e-01 0.000000000000000000e+00 -1.736481776669304145e-01 -3.420201433256688794e-01 -5.000000000000001110e-01 -6.427876096865395850e-01 -7.660444431189777914e-01 -8.660254037844384856e-01 -9.396926207859083169e-01 -9.848077530122080203e-01 -1.000000000000000000e+00 -9.848077530122080203e-01 -9.396926207859084279e-01 -8.660254037844385966e-01 -7.660444431189780135e-01 -6.427876096865394739e-01 -5.000000000000003331e-01 -3.420201433256688794e-01 -1.736481776669307198e-01 -1.224646799147353207e-16
-1.736481776669304700e-01 1.224646799147353207e-16 1.736481776669302757e-01 3.420201433256684909e-01 4.999999999999999445e-01 6.427876096865391409e-01 7.660444431189780135e-01 8.660254037844385966e-01 9.396926207859084279e-01 9.848077530122080203e-01 1.000000000000000000e+00 9.848077530122081313e-01 9.396926207859084279e-01 8.660254037844387076e-01 7.660444431189780135e-01 6.427876096865395850e-01 5.000000000000001110e-01 3.420201433256688794e-01 1.736481776669304145e-01 0.000000000000000000e+00 -1.736481776669304145e-01 -3.420201433256688794e-01 -4.999999999999995559e-01 -6.427876096865390299e-01 -7.660444431189777914e-01 -8.660254037844384856e-01 -9.396926207859083169e-01 -9.848077530122080203e-01 -1.000000000000000000e+00 -9.848077530122080203e-01 -9.396926207859084279e-01 -8.660254037844390407e-01 -7.660444431189783465e-01 -6.427876096865394739e-01 -5.000000000000003331e-01 -3.420201433256688794e-01
-5.000000000000001110e-01 -3.420201433256686574e-01 -1.736481776669304700e-01 1.224646799147353207e-16 1.736481776669302757e-01 3.420201433256684909e-01 4.999999999999995559e-01 6.427876096865391409e-01 7.660444431189780135e-01 8.660254037844385966e-01 9.396926207859084279e-01 9.848077530122080203e-01 1.000000000000000000e+00 9.848077530122081313e-01 9.396926207859084279e-01 8.660254037844388186e-01 7.660444431189782355e-01 6.427876096865395850e-01 5.000000000000001110e-01 3.420201433256688794e-01 1.736481776669304145e-01 0.000000000000000000e+00 -1.736481776669297483e-01 -3.420201433256682133e-01 -4.999999999999995559e-01 -6.427876096865390299e-01 -7.660444431189777914e-01 -8.660254037844384856e-01 -9.396926207859083169e-01 -9.848077530122080203e-01 -1.000000000000000000e+00 -9.848077530122081313e-01 -9.396926207859086499e-01 -8.660254037844390407e-01 -7.660444431189783465e-01 -6.427876096865394739e-01
-7.660444431189779024e-01 -6.427876096865389188e-01 -4.999999999999993894e-01 -3.420201433256686574e-01 -1.736481776669295818e-01 1.224646799147353207e-16 1.736481776669307198e-01 3.420201433256688794e-01 5.000000000000003331e-01 6.427876096865394739e-01 7.660444431189783465e-01 8.660254037844387076e-01 9.396926207859084279e-01 9.848077530122081313e-01 1.000000000000000000e+00 9.848077530122080203e-01 9.396926207859083169e-01 8.660254037844384856e-01 7.660444431189777914e-01 6.427876096865390299e-01 4.999999999999995559e-01 3.420201433256682133e-01 1.736481776669304145e-01 0.000000000000000000e+00 -1.736481776669304145e-01 -3.420201433256688794e-01 -5.000000000000001110e-01 -6.427876096865395850e-01 -7.660444431189782355e-01 -8.660254037844388186e-01 -9.396926207859085389e-01 -9.848077530122080203e-01 -1.000000000000000000e+00 -9.848077530122080203e-01 -9.396926207859084279e-01 -8.660254037844385966e-01
-9.396926207859082059e-01 -8.660254037844383745e-01 -7.660444431189779024e-01 -6.427876096865392519e-01 -4.999999999999993894e-01 -3.420201433256686574e-01 -1.736481776669304700e-01 1.224646799147353207e-16 1.736481776669307198e-01 3.420201433256688794e-01 5.000000000000003331e-01 6.427876096865394739e-01 7.660444431189780135e-01 8.660254037844387076e-01 9.396926207859084279e-01 9.848077530122080203e-01 1.000000000000000000e+00 9.848077530122080203e-01 9.396926207859083169e-01 8.660254037844384856e-01 7.660444431189777914e-01 6.427876096865390299e-01 5.000000000000001110e-01 3.420201433256688794e-01 1.736481776669304145e-01 0.000000000000000000e+00 -1.736481776669304145e-01 -3.420201433256688794e-01 -5.000000000000001110e-01 -6.427876096865395850e-01 -7.660444431189782355e-01 -8.660254037844384856e-01 -9.396926207859083169e-01 -9.848077530122080203e-01 -1.000000000000000000e+00 -9.848077530122080203e-01
-1.000000000000000000e+00 -9.848077530122080203e-01 -9.396926207859082059e-01 -8.660254037844388186e-01 -7.660444431189779024e-01 -6.427876096865392519e-01 -5.000000000000001110e-01 -3.420201433256686574e-01 -1.736481776669304700e-01 1.224646799147353207e-16 1.736481776669307198e-01 3.420201433256684909e-01 4.999999999999999445e-01 6.427876096865394739e-01 7.660444431189780135e-01 8.660254037844385966e-01 9.396926207859084279e-01 9.848077530122080203e-01 1.000000000000000000e+00 9.848077530122080203e-01 9.396926207859083169e-01 8.660254037844384856e-01 7.660444431189782355e-01 6.427876096865395850e-01 5.000000000000001110e-01 3.420201433256688794e-01 1.736481776669304145e-01 0.000000000000000000e+00 -1.736481776669304145e-01 -3.420201433256688794e-01 -5.000000000000001110e-01 -6.427876096865390299e-01 -7.660444431189777914e-01 -8.660254037844384856e-01 -9.396926207859083169e-01 -9.848077530122080203e-01
-9.396926207859083169e-01 -9.848077530122081313e-01 -1.000000000000000000e+00 -9.848077530122080203e-01 -9.396926207859082059e-01 -8.660254037844388186e-01 -7.660444431189784575e-01 -6.427876096865392519e-01 -5.000000000000001110e-01 -3.420201433256686574e-01 -1.736481776669304700e-01 1.224646799147353207e-16 1.736481776669302757e-01 3.420201433256684909e-01 4.999999999999999445e-01 6.427876096865391409e-01 7.660444431189780135e-01 8.660254037844385966e-01 9.396926207859084279e-01 9.848077530122080203e-01 1.000000000000000000e+00 9.848077530122080203e-01 9.396926207859085389e-01 8.660254037844388186e-01 7.660444431189782355e-01 6.427876096865395850e-01 5.000000000000001110e-01 3.420201433256688794e-01 1.736481776669304145e-01 0.000000000000000000e+00 -1.736481776669304145e-01 -3.420201433256682133e-01 -4.999999999999995559e-01 -6.427876096865390299e-01 -7.660444431189777914e-01 -8.660254037844384856e-01
-7.660444431189786796e-01 -8.660254037844390407e-01 -9.396926207859085389e-01 -9.848077530122081313e-01 -1.000000000000000000e+00 -9.848077530122080203e-01 -9.396926207859082059e-01 -8.660254037844383745e-01 -7.660444431189779024e-01 -6.427876096865389188e-01 -4.999999999999993894e-01 -3.420201433256686574e-01 -1.736481776669295818e-01 5.665538897647979615e-16 1.736481776669307198e-01 3.420201433256688794e-01 5.000000000000003331e-01 6.427876096865394739e-01 7.660444431189783465e-01 8.660254037844390407e-01 9.396926207859086499e-01 9.848077530122081313e-01 1.000000000000000000e+00 9.848077530122080203e-01 9.396926207859083169e-01 8.660254037844384856e-01 7.660444431189777914e-01 6.427876096865390299e-01 4.999999999999995559e-01 3.420201433256682133e-01 1.736481776669297483e-01 0.000000000000000000e+00 -1.736481776669304145e-01 -3.420201433256688794e-01 -5.000000000000001110e-01 -6.427876096865395850e-01
-5.000000000000004441e-01 -6.427876096865395850e-01 -7.660444431189786796e-01 -8.660254037844390407e-01 -9.396926207859083169e-01 -9.848077530122081313e-01 -1.000000000000000000e+00 -9.848077530122080203e-01 -9.396926207859082059e-01 -8.660254037844383745e-01 -7.660444431189779024e-01 -6.427876096865392519e-01 -4.999999999999993894e-01 -3.420201433256686574e-01 -1.736481776669295818e-01 1.224646799147353207e-16 1.736481776669307198e-01 3.420201433256688794e-01 5.000000000000003331e-01 6.427876096865394739e-01 7.660444431189783465e-01 8.660254037844390407e-01 9.396926207859084279e-01 9.848077530122080203e-01 1.000000000000000000e+00 9.848077530122080203e-01 9.396926207859083169e-01 8.660254037844384856e-01 7.660444431189777914e-01 6.427876096865390299e-01 4.999999999999995559e-01 3.420201433256688794e-01 1.736481776669304145e-01 0.000000000000000000e+00 -1.736481776669304145e-01 -3.420201433256688794e-01
-1.736481776669303867e-01 -3.420201433256694346e-01 -5.000000000000004441e-01 -6.427876096865395850e-01 -7.660444431189781245e-01 -8.660254037844385966e-01 -9.396926207859083169e-01 -9.848077530122081313e-01 -1.000000000000000000e+00 -9.848077530122080203e-01 -9.396926207859082059e-01 -8.660254037844388186e-01 -7.660444431189779024e-01 -6.427876096865392519e-01 -4.999999999999993894e-01 -3.420201433256686574e-01 -1.736481776669304700e-01 1.224646799147353207e-16 1.736481776669307198e-01 3.420201433256688794e-01 5.000000000000003331e-01 6.427876096865394739e-01 7.660444431189780135e-01 8.660254037844385966e-01 9.396926207859084279e-01 9.848077530122080203e-01 1.000000000000000000e+00 9.848077530122080203e-01 9.396926207859083169e-01 8.660254037844384856e-01 7.660444431189777914e-01 6.427876096865395850e-01 5.000000000000001110e-01 3.420201433256688794e-01 1.736481776669304145e-01 0.000000000000000000e+00
