1.391731009600653823e-01 -6.975647374412539958e-02 -2.756373558169992188e-01 -4.694715627858909168e-01 -6.427876096865393629e-01 -7.880107536067220142e-01 -8.987940462991670376e-01 -9.702957262759965840e-01 -9.993908270190957621e-01 -9.848077530122080203e-01 -9.271838545667870912e-01 -8.290375725550417352e-01 -6.946583704589968100e-01 -5.299192642332045677e-01 -3.420201433256684909e-01 -1.391731009600648827e-01 6.975647374412571877e-02 2.756373558169994409e-01 4.694715627858908613e-01 6.427876096865392519e-01 7.880107536067226803e-01 8.987940462991672597e-01 9.702957262759964729e-01 9.993908270190957621e-01 9.848077530122080203e-01 9.271838545667870912e-01 8.290375725550416242e-01 6.946583704589969210e-01 5.299192642332043457e-01 3.420201433256677692e-01 1.391731009600649938e-01 -6.975647374412603796e-02 -2.756373558169993299e-01 -4.694715627858911389e-01 -6.427876096865392519e-01 -7.880107536067225693e-01
4.694715627858906948e-01 2.756373558169990523e-01 6.975647374412523305e-02 -1.391731009600656321e-01 -3.420201433256688794e-01 -5.299192642332050118e-01 -6.946583704589973651e-01 -8.290375725550418462e-01 -9.271838545667875353e-01 -9.848077530122081313e-01 -9.993908270190957621e-01 -9.702957262759964729e-01 -8.987940462991667046e-01 -7.880107536067216811e-01 -6.427876096865388078e-01 -4.694715627858903062e-01 -2.756373558169988303e-01 -6.975647374412463630e-02 1.391731009600663815e-01 3.420201433256686574e-01 5.299192642332054559e-01 6.946583704589982533e-01 8.290375725550418462e-01 9.271838545667873133e-01 9.848077530122080203e-01 9.993908270190956511e-01 9.702957262759963619e-01 8.987940462991665935e-01 7.880107536067217922e-01 6.427876096865389188e-01 4.694715627858908058e-01 2.756373558169981086e-01 6.975647374412563551e-02 -1.391731009600662705e-01 -3.420201433256689350e-01 -5.299192642332053449e-01
7.431448254773941331e-01 5.877852522924730261e-01 4.067366430758001528e-01 2.079116908177590928e-01 -1.743934249004315882e-16 -2.079116908177594536e-01 -4.067366430758004303e-01 -5.877852522924733591e-01 -7.431448254773943551e-01 -8.660254037844388186e-01 -9.510565162951537532e-01 -9.945218953682734009e-01 -9.945218953682732899e-01 -9.510565162951535312e-01 -8.660254037844382635e-01 -7.431448254773935780e-01 -5.877852522924724710e-01 -4.067366430757996532e-01 -2.079116908177588707e-01 7.657137397853898870e-16 2.079116908177603695e-01 4.067366430758014295e-01 5.877852522924733591e-01 7.431448254773943551e-01 8.660254037844392627e-01 9.510565162951537532e-01 9.945218953682734009e-01 9.945218953682732899e-01 9.510565162951533091e-01 8.660254037844381525e-01 7.431448254773940221e-01 5.877852522924719159e-01 4.067366430757993201e-01 2.079116908177581213e-01 2.449293598294706414e-16 -2.079116908177593703e-01
9.271838545667873133e-01 8.290375725550416242e-01 6.946583704589971431e-01 5.299192642332047898e-01 3.420201433256685464e-01 1.391731009600652991e-01 -6.975647374412557999e-02 -2.756373558169995519e-01 -4.694715627858910834e-01 -6.427876096865395850e-01 -7.880107536067223473e-01 -8.987940462991670376e-01 -9.702957262759965840e-01 -9.993908270190957621e-01 -9.848077530122079093e-01 -9.271838545667870912e-01 -8.290375725550412911e-01 -6.946583704589968100e-01 -5.299192642332045677e-01 -3.420201433256684909e-01 -1.391731009600644386e-01 6.975647374412616286e-02 2.756373558169994409e-01 4.694715627858908613e-01 6.427876096865399180e-01 7.880107536067226803e-01 8.987940462991672597e-01 9.702957262759966950e-01 9.993908270190957621e-01 9.848077530122077983e-01 9.271838545667870912e-01 8.290375725550410690e-01 6.946583704589969210e-01 5.299192642332043457e-01 3.420201433256686019e-01 1.391731009600641056e-01
9.993908270190957621e-01 9.702957262759964729e-01 8.987940462991669266e-01 7.880107536067219032e-01 6.427876096865392519e-01 4.694715627858908058e-01 2.756373558169990523e-01 6.975647374412505264e-02 -1.391731009600656321e-01 -3.420201433256688794e-01 -5.299192642332053449e-01 -6.946583704589973651e-01 -8.290375725550418462e-01 -9.271838545667875353e-01 -9.848077530122081313e-01 -9.993908270190957621e-01 -9.702957262759963619e-01 -8.987940462991667046e-01 -7.880107536067216811e-01 -6.427876096865391409e-01 -4.694715627858899176e-01 -2.756373558169983862e-01 -6.975647374412508039e-02 1.391731009600655211e-01 3.420201433256694901e-01 5.299192642332054559e-01 6.946583704589976982e-01 8.290375725550418462e-01 9.271838545667876463e-01 9.848077530122082424e-01 9.993908270190957621e-01 9.702957262759963619e-01 8.987940462991670376e-01 7.880107536067212370e-01 6.427876096865389188e-01 4.694715627858900286e-01
9.510565162951536422e-01 9.945218953682734009e-01 9.945218953682732899e-01 9.510565162951535312e-01 8.660254037844384856e-01 7.431448254773941331e-01 5.877852522924728040e-01 4.067366430757997642e-01 2.079116908177589540e-01 -3.487868498008631764e-16 -2.079116908177599810e-01 -4.067366430758004303e-01 -5.877852522924735812e-01 -7.431448254773945772e-01 -8.660254037844390407e-01 -9.510565162951537532e-01 -9.945218953682734009e-01 -9.945218953682732899e-01 -9.510565162951534202e-01 -8.660254037844382635e-01 -7.431448254773935780e-01 -5.877852522924721379e-01 -4.067366430758000417e-01 -2.079116908177588707e-01 1.209802949635452503e-15 2.079116908177599254e-01 4.067366430758014295e-01 5.877852522924733591e-01 7.431448254773949103e-01 8.660254037844392627e-01 9.510565162951537532e-01 9.945218953682735119e-01 9.945218953682732899e-01 9.510565162951530871e-01 8.660254037844381525e-01 7.431448254773933559e-01
7.880107536067220142e-01 8.987940462991671486e-01 9.702957262759964729e-01 9.993908270190957621e-01 9.848077530122080203e-01 9.271838545667873133e-01 8.290375725550416242e-01 6.946583704589970321e-01 5.299192642332047898e-01 3.420201433256685464e-01 1.391731009600649382e-01 -6.975647374412539958e-02 -2.756373558169995519e-01 -4.694715627858910834e-01 -6.427876096865398070e-01 -7.880107536067223473e-01 -8.987940462991671486e-01 -9.702957262759965840e-01 -9.993908270190957621e-01 -9.848077530122080203e-01 -9.271838545667870912e-01 -8.290375725550412911e-01 -6.946583704589971431e-01 -5.299192642332050118e-01 -3.420201433256680468e-01 -1.391731009600648827e-01 6.975647374412616286e-02 2.756373558169994409e-01 4.694715627858916385e-01 6.427876096865406952e-01 7.880107536067226803e-01 8.987940462991675927e-01 9.702957262759966950e-01 9.993908270190957621e-01 9.848077530122080203e-01 9.271838545667870912e-01
5.299192642332050118e-01 6.946583704589974761e-01 8.290375725550417352e-01 9.271838545667875353e-01 9.848077530122081313e-01 9.993908270190957621e-01 9.702957262759963619e-01 8.987940462991668156e-01 7.880107536067216811e-01 6.427876096865390299e-01 4.694715627858901397e-01 2.756373558169989413e-01 6.975647374412470569e-02 -1.391731009600659930e-01 -3.420201433256694901e-01 -5.299192642332055669e-01 -6.946583704589978092e-01 -8.290375725550420682e-01 -9.271838545667876463e-01 -9.848077530122081313e-01 -9.993908270190956511e-01 -9.702957262759961399e-01 -8.987940462991667046e-01 -7.880107536067216811e-01 -6.427876096865384747e-01 -4.694715627858899176e-01 -2.756373558169983862e-01 -6.975647374412463630e-02 1.391731009600663815e-01 3.420201433256698786e-01 5.299192642332054559e-01 6.946583704589982533e-01 8.290375725550418462e-01 9.271838545667879794e-01 9.848077530122080203e-01 9.993908270190956511e-01
2.079116908177593148e-01 4.067366430758000417e-01 5.877852522924732481e-01 7.431448254773944662e-01 8.660254037844387076e-01 9.510565162951536422e-01 9.945218953682734009e-01 9.945218953682732899e-01 9.510565162951535312e-01 8.660254037844384856e-01 7.431448254773939111e-01 5.877852522924730261e-01 4.067366430757997642e-01 2.079116908177589540e-01 -6.975736996017263527e-16 -2.079116908177599810e-01 -4.067366430758007079e-01 -5.877852522924735812e-01 -7.431448254773945772e-01 -8.660254037844388186e-01 -9.510565162951538642e-01 -9.945218953682734009e-01 -9.945218953682732899e-01 -9.510565162951535312e-01 -8.660254037844382635e-01 -7.431448254773935780e-01 -5.877852522924724710e-01 -4.067366430757996532e-01 -2.079116908177588707e-01 1.209802949635452503e-15 2.079116908177599254e-01 4.067366430758014295e-01 5.877852522924733591e-01 7.431448254773949103e-01 8.660254037844388186e-01 9.510565162951537532e-01
-1.391731009600655211e-01 6.975647374412508039e-02 2.756373558169988303e-01 4.694715627858906948e-01 6.427876096865394739e-01 7.880107536067220142e-01 8.987940462991671486e-01 9.702957262759964729e-01 9.993908270190957621e-01 9.848077530122080203e-01 9.271838545667872022e-01 8.290375725550417352e-01 6.946583704589970321e-01 5.299192642332047898e-01 3.420201433256682133e-01 1.391731009600649382e-01 -6.975647374412574653e-02 -2.756373558169995519e-01 -4.694715627858910834e-01 -6.427876096865395850e-01 -7.880107536067224583e-01 -8.987940462991673707e-01 -9.702957262759964729e-01 -9.993908270190957621e-01 -9.848077530122079093e-01 -9.271838545667870912e-01 -8.290375725550412911e-01 -6.946583704589968100e-01 -5.299192642332045677e-01 -3.420201433256676027e-01 -1.391731009600648827e-01 6.975647374412616286e-02 2.756373558169994409e-01 4.694715627858916385e-01 6.427876096865392519e-01 7.880107536067226803e-01
-4.694715627858908613e-01 -2.756373558169994409e-01 -6.975647374412571877e-02 1.391731009600653268e-01 3.420201433256684909e-01 5.299192642332050118e-01 6.946583704589974761e-01 8.290375725550417352e-01 9.271838545667874243e-01 9.848077530122080203e-01 9.993908270190957621e-01 9.702957262759964729e-01 8.987940462991669266e-01 7.880107536067219032e-01 6.427876096865390299e-01 4.694715627858904172e-01 2.756373558169989413e-01 6.975647374412505264e-02 -1.391731009600656321e-01 -3.420201433256688794e-01 -5.299192642332055669e-01 -6.946583704589978092e-01 -8.290375725550417352e-01 -9.271838545667873133e-01 -9.848077530122081313e-01 -9.993908270190957621e-01 -9.702957262759963619e-01 -8.987940462991667046e-01 -7.880107536067216811e-01 -6.427876096865384747e-01 -4.694715627858906948e-01 -2.756373558169983862e-01 -6.975647374412508039e-02 1.391731009600663815e-01 3.420201433256686574e-01 5.299192642332054559e-01
-7.431448254773940221e-01 -5.877852522924730261e-01 -4.067366430757998197e-01 -2.079116908177586209e-01 5.665538897647979615e-16 2.079116908177597312e-01 4.067366430758008744e-01 5.877852522924735812e-01 7.431448254773944662e-01 8.660254037844390407e-01 9.510565162951537532e-01 9.945218953682734009e-01 9.945218953682732899e-01 9.510565162951533091e-01 8.660254037844381525e-01 7.431448254773935780e-01 5.877852522924723599e-01 4.067366430757994866e-01 2.079116908177586209e-01 -6.975736996017263527e-16 -2.079116908177606471e-01 -4.067366430758013740e-01 -5.877852522924735812e-01 -7.431448254773945772e-01 -8.660254037844392627e-01 -9.510565162951538642e-01 -9.945218953682734009e-01 -9.945218953682732899e-01 -9.510565162951533091e-01 -8.660254037844379305e-01 -7.431448254773935780e-01 -5.877852522924721379e-01 -4.067366430757996532e-01 -2.079116908177580103e-01 7.657137397853898870e-16 2.079116908177603695e-01
-9.271838545667873133e-01 -8.290375725550414021e-01 -6.946583704589973651e-01 -5.299192642332043457e-01 -3.420201433256686574e-01 -1.391731009600646329e-01 6.975647374412596857e-02 2.756373558169996629e-01 4.694715627858910834e-01 6.427876096865394739e-01 7.880107536067222362e-01 8.987940462991671486e-01 9.702957262759965840e-01 9.993908270190957621e-01 9.848077530122079093e-01 9.271838545667870912e-01 8.290375725550412911e-01 6.946583704589968100e-01 5.299192642332044567e-01 3.420201433256682133e-01 1.391731009600642721e-01 -6.975647374412645429e-02 -2.756373558169995519e-01 -4.694715627858910834e-01 -6.427876096865400291e-01 -7.880107536067224583e-01 -8.987940462991673707e-01 -9.702957262759966950e-01 -9.993908270190957621e-01 -9.848077530122077983e-01 -9.271838545667870912e-01 -8.290375725550410690e-01 -6.946583704589968100e-01 -5.299192642332037906e-01 -3.420201433256684909e-01 -1.391731009600644386e-01
-9.993908270190957621e-01 -9.702957262759964729e-01 -8.987940462991668156e-01 -7.880107536067215701e-01 -6.427876096865392519e-01 -4.694715627858904727e-01 -2.756373558169986082e-01 -6.975647374412483059e-02 1.391731009600657432e-01 3.420201433256688794e-01 5.299192642332053449e-01 6.946583704589974761e-01 8.290375725550419572e-01 9.271838545667875353e-01 9.848077530122081313e-01 9.993908270190957621e-01 9.702957262759963619e-01 8.987940462991668156e-01 7.880107536067216811e-01 6.427876096865390299e-01 4.694715627858898621e-01 2.756373558169982196e-01 6.975647374412505264e-02 -1.391731009600656321e-01 -3.420201433256694901e-01 -5.299192642332055669e-01 -6.946583704589978092e-01 -8.290375725550420682e-01 -9.271838545667876463e-01 -9.848077530122082424e-01 -9.993908270190957621e-01 -9.702957262759961399e-01 -8.987940462991667046e-01 -7.880107536067214591e-01 -6.427876096865391409e-01 -4.694715627858899176e-01
-9.510565162951536422e-01 -9.945218953682732899e-01 -9.945218953682734009e-01 -9.510565162951535312e-01 -8.660254037844388186e-01 -7.431448254773940221e-01 -5.877852522924730261e-01 -4.067366430757998197e-01 -2.079116908177590650e-01 1.224646799147353207e-16 2.079116908177597312e-01 4.067366430758000417e-01 5.877852522924732481e-01 7.431448254773944662e-01 8.660254037844390407e-01 9.510565162951537532e-01 9.945218953682734009e-01 9.945218953682732899e-01 9.510565162951535312e-01 8.660254037844384856e-01 7.431448254773935780e-01 5.877852522924723599e-01 4.067366430758001528e-01 2.079116908177592871e-01 -6.975736996017263527e-16 -2.079116908177599810e-01 -4.067366430758007079e-01 -5.877852522924735812e-01 -7.431448254773945772e-01 -8.660254037844392627e-01 -9.510565162951536422e-01 -9.945218953682734009e-01 -9.945218953682732899e-01 -9.510565162951533091e-01 -8.660254037844385966e-01 -7.431448254773935780e-01
-7.880107536067223473e-01 -8.987940462991670376e-01 -9.702957262759965840e-01 -9.993908270190957621e-01 -9.848077530122079093e-01 -9.271838545667873133e-01 -8.290375725550414021e-01 -6.946583704589966990e-01 -5.299192642332043457e-01 -3.420201433256682133e-01 -1.391731009600646329e-01 6.975647374412596857e-02 2.756373558170001070e-01 4.694715627858914719e-01 6.427876096865401401e-01 7.880107536067224583e-01 8.987940462991674817e-01 9.702957262759966950e-01 9.993908270190957621e-01 9.848077530122079093e-01 9.271838545667868692e-01 8.290375725550408470e-01 6.946583704589968100e-01 5.299192642332044567e-01 3.420201433256675472e-01 1.391731009600642721e-01 -6.975647374412645429e-02 -2.756373558170002736e-01 -4.694715627858916940e-01 -6.427876096865405842e-01 -7.880107536067224583e-01 -8.987940462991677038e-01 -9.702957262759966950e-01 -9.993908270190957621e-01 -9.848077530122079093e-01 -9.271838545667868692e-01
-5.299192642332050118e-01 -6.946583704589975872e-01 -8.290375725550416242e-01 -9.271838545667874243e-01 -9.848077530122081313e-01 -9.993908270190957621e-01 -9.702957262759962509e-01 -8.987940462991668156e-01 -7.880107536067215701e-01 -6.427876096865389188e-01 -4.694715627858904727e-01 -2.756373558169986082e-01 -6.975647374412483059e-02 1.391731009600661872e-01 3.420201433256697121e-01 5.299192642332056780e-01 6.946583704589978092e-01 8.290375725550419572e-01 9.271838545667876463e-01 9.848077530122081313e-01 9.993908270190956511e-01 9.702957262759961399e-01 8.987940462991668156e-01 7.880107536067216811e-01 6.427876096865384747e-01 4.694715627858898621e-01 2.756373558169982196e-01 6.975647374412435875e-02 -1.391731009600663260e-01 -3.420201433256701562e-01 -5.299192642332055669e-01 -6.946583704589982533e-01 -8.290375725550420682e-01 -9.271838545667879794e-01 -9.848077530122081313e-01 -9.993908270190956511e-01
-2.079116908177598699e-01 -4.067366430758001528e-01 -5.877852522924733591e-01 -7.431448254773940221e-01 -8.660254037844390407e-01 -9.510565162951536422e-01 -9.945218953682734009e-01 -9.945218953682732899e-01 -9.510565162951535312e-01 -8.660254037844383745e-01 -7.431448254773940221e-01 -5.877852522924730261e-01 -4.067366430757998197e-01 -2.079116908177586209e-01 1.010643099614860578e-15 2.079116908177601752e-01 4.067366430758008744e-01 5.877852522924735812e-01 7.431448254773944662e-01 8.660254037844390407e-01 9.510565162951539753e-01 9.945218953682734009e-01 9.945218953682732899e-01 9.510565162951535312e-01 8.660254037844381525e-01 7.431448254773935780e-01 5.877852522924723599e-01 4.067366430757994866e-01 2.079116908177586209e-01 -1.395147399203452705e-15 -2.079116908177599810e-01 -4.067366430758013740e-01 -5.877852522924735812e-01 -7.431448254773950213e-01 -8.660254037844388186e-01 -9.510565162951538642e-01
