4.383711467890774038e-01 5.299192642332049008e-01 6.156614753256582917e-01 6.946583704589973651e-01 7.660444431189780135e-01 8.290375725550417352e-01 8.829475928589268774e-01 9.271838545667874243e-01 9.612616959383188942e-01 9.848077530122081313e-01 9.975640502598243087e-01 9.993908270190957621e-01 9.902680687415702510e-01 9.702957262759964729e-01 9.396926207859084279e-01 8.987940462991667046e-01 8.480480961564260678e-01 7.880107536067216811e-01 7.193398003386510808e-01 6.427876096865391409e-01 5.591929034707464607e-01 4.694715627858906948e-01 3.746065934159122368e-01 2.756373558169988303e-01 1.736481776669298316e-01 6.975647374412508039e-02 -3.489949670250134389e-02 -1.391731009600655211e-01 -2.419218955996679243e-01 -3.420201433256694901e-01 -4.383711467890778479e-01 -5.299192642332054559e-01 -6.156614753256585137e-01 -6.946583704589976982e-01 -7.660444431189784575e-01 -8.290375725550418462e-01
7.193398003386510808e-01 7.880107536067219032e-01 8.480480961564258457e-01 8.987940462991669266e-01 9.396926207859083169e-01 9.702957262759964729e-01 9.902680687415703620e-01 9.993908270190957621e-01 9.975640502598241977e-01 9.848077530122080203e-01 9.612616959383187831e-01 9.271838545667874243e-01 8.829475928589268774e-01 8.290375725550417352e-01 7.660444431189780135e-01 6.946583704589971431e-01 6.156614753256580697e-01 5.299192642332050118e-01 4.383711467890772928e-01 3.420201433256684909e-01 2.419218955996673137e-01 1.391731009600648827e-01 3.489949670250114266e-02 -6.975647374412483059e-02 -1.736481776669309141e-01 -2.756373558169994409e-01 -3.746065934159120148e-01 -4.694715627858908613e-01 -5.591929034707474599e-01 -6.427876096865392519e-01 -7.193398003386508588e-01 -7.880107536067226803e-01 -8.480480961564264009e-01 -8.987940462991668156e-01 -9.396926207859082059e-01 -9.702957262759966950e-01
9.135454576426007556e-01 9.510565162951535312e-01 9.781476007338056888e-01 9.945218953682732899e-01 1.000000000000000000e+00 9.945218953682734009e-01 9.781476007338056888e-01 9.510565162951535312e-01 9.135454576426009776e-01 8.660254037844385966e-01 8.090169943749474513e-01 7.431448254773942441e-01 6.691306063588580155e-01 5.877852522924732481e-01 4.999999999999995559e-01 4.067366430758000417e-01 3.090169943749471182e-01 2.079116908177593148e-01 1.045284632676532904e-01 1.224646799147353207e-16 -1.045284632676534986e-01 -2.079116908177599254e-01 -3.090169943749477288e-01 -4.067366430757998197e-01 -5.000000000000001110e-01 -5.877852522924733591e-01 -6.691306063588582376e-01 -7.431448254773943551e-01 -8.090169943749473402e-01 -8.660254037844388186e-01 -9.135454576426009776e-01 -9.510565162951535312e-01 -9.781476007338055778e-01 -9.945218953682734009e-01 -1.000000000000000000e+00 -9.945218953682732899e-01
9.975640502598241977e-01 9.993908270190957621e-01 9.902680687415703620e-01 9.702957262759964729e-01 9.396926207859084279e-01 8.987940462991671486e-01 8.480480961564260678e-01 7.880107536067220142e-01 7.193398003386510808e-01 6.427876096865394739e-01 5.591929034707469048e-01 4.694715627858906948e-01 3.746065934159122368e-01 2.756373558169988303e-01 1.736481776669302757e-01 6.975647374412508039e-02 -3.489949670250089980e-02 -1.391731009600655211e-01 -2.419218955996679243e-01 -3.420201433256686574e-01 -4.383711467890778479e-01 -5.299192642332054559e-01 -6.156614753256585137e-01 -6.946583704589973651e-01 -7.660444431189784575e-01 -8.290375725550418462e-01 -8.829475928589269884e-01 -9.271838545667873133e-01 -9.612616959383190052e-01 -9.848077530122080203e-01 -9.975640502598241977e-01 -9.993908270190957621e-01 -9.902680687415703620e-01 -9.702957262759963619e-01 -9.396926207859083169e-01 -8.987940462991670376e-01
9.612616959383188942e-01 9.271838545667874243e-01 8.829475928589270994e-01 8.290375725550417352e-01 7.660444431189780135e-01 6.946583704589974761e-01 6.156614753256580697e-01 5.299192642332050118e-01 4.383711467890772928e-01 3.420201433256684909e-01 2.419218955996677300e-01 1.391731009600653268e-01 3.489949670250114266e-02 -6.975647374412571877e-02 -1.736481776669309141e-01 -2.756373558169994409e-01 -3.746065934159120148e-01 -4.694715627858908613e-01 -5.591929034707474599e-01 -6.427876096865392519e-01 -7.193398003386515249e-01 -7.880107536067226803e-01 -8.480480961564264009e-01 -8.987940462991668156e-01 -9.396926207859084279e-01 -9.702957262759966950e-01 -9.902680687415703620e-01 -9.993908270190957621e-01 -9.975640502598243087e-01 -9.848077530122080203e-01 -9.612616959383187831e-01 -9.271838545667870912e-01 -8.829475928589267664e-01 -8.290375725550416242e-01 -7.660444431189781245e-01 -6.946583704589969210e-01
8.090169943749474513e-01 7.431448254773944662e-01 6.691306063588584596e-01 5.877852522924732481e-01 5.000000000000003331e-01 4.067366430758000417e-01 3.090169943749475068e-01 2.079116908177593148e-01 1.045284632676537345e-01 1.224646799147353207e-16 -1.045284632676534986e-01 -2.079116908177590650e-01 -3.090169943749477288e-01 -4.067366430757998197e-01 -5.000000000000001110e-01 -5.877852522924733591e-01 -6.691306063588582376e-01 -7.431448254773940221e-01 -8.090169943749473402e-01 -8.660254037844388186e-01 -9.135454576426009776e-01 -9.510565162951535312e-01 -9.781476007338055778e-01 -9.945218953682734009e-01 -1.000000000000000000e+00 -9.945218953682732899e-01 -9.781476007338055778e-01 -9.510565162951536422e-01 -9.135454576426010886e-01 -8.660254037844381525e-01 -8.090169943749470072e-01 -7.431448254773940221e-01 -6.691306063588587927e-01 -5.877852522924725820e-01 -4.999999999999996669e-01 -4.067366430758001528e-01
5.591929034707469048e-01 4.694715627858906948e-01 3.746065934159122368e-01 2.756373558169988303e-01 1.736481776669307198e-01 6.975647374412508039e-02 -3.489949670250089980e-02 -1.391731009600655211e-01 -2.419218955996679243e-01 -3.420201433256686574e-01 -4.383711467890778479e-01 -5.299192642332047898e-01 -6.156614753256585137e-01 -6.946583704589973651e-01 -7.660444431189784575e-01 -8.290375725550418462e-01 -8.829475928589269884e-01 -9.271838545667873133e-01 -9.612616959383190052e-01 -9.848077530122080203e-01 -9.975640502598241977e-01 -9.993908270190957621e-01 -9.902680687415703620e-01 -9.702957262759963619e-01 -9.396926207859083169e-01 -8.987940462991670376e-01 -8.480480961564256237e-01 -7.880107536067217922e-01 -7.193398003386511919e-01 -6.427876096865389188e-01 -5.591929034707465718e-01 -4.694715627858908058e-01 -3.746065934159123478e-01 -2.756373558169981086e-01 -1.736481776669303867e-01 -6.975647374412563551e-02
2.419218955996681741e-01 1.391731009600657432e-01 3.489949670250114266e-02 -6.975647374412483059e-02 -1.736481776669304700e-01 -2.756373558169986082e-01 -3.746065934159120148e-01 -4.694715627858904727e-01 -5.591929034707466828e-01 -6.427876096865392519e-01 -7.193398003386508588e-01 -7.880107536067215701e-01 -8.480480961564259568e-01 -8.987940462991668156e-01 -9.396926207859082059e-01 -9.702957262759964729e-01 -9.902680687415703620e-01 -9.993908270190957621e-01 -9.975640502598243087e-01 -9.848077530122081313e-01 -9.612616959383187831e-01 -9.271838545667874243e-01 -8.829475928589270994e-01 -8.290375725550416242e-01 -7.660444431189781245e-01 -6.946583704589975872e-01 -6.156614753256581807e-01 -5.299192642332043457e-01 -4.383711467890777924e-01 -3.420201433256686019e-01 -2.419218955996678688e-01 -1.391731009600649938e-01 -3.489949670250082348e-02 6.975647374412514978e-02 1.736481776669299149e-01 2.756373558169993299e-01
-1.045284632676534986e-01 -2.079116908177590650e-01 -3.090169943749477288e-01 -4.067366430757998197e-01 -5.000000000000001110e-01 -5.877852522924730261e-01 -6.691306063588582376e-01 -7.431448254773940221e-01 -8.090169943749473402e-01 -8.660254037844388186e-01 -9.135454576426009776e-01 -9.510565162951535312e-01 -9.781476007338055778e-01 -9.945218953682734009e-01 -1.000000000000000000e+00 -9.945218953682732899e-01 -9.781476007338055778e-01 -9.510565162951536422e-01 -9.135454576426010886e-01 -8.660254037844385966e-01 -8.090169943749470072e-01 -7.431448254773940221e-01 -6.691306063588587927e-01 -5.877852522924733591e-01 -4.999999999999996669e-01 -4.067366430758001528e-01 -3.090169943749476733e-01 -2.079116908177589818e-01 -1.045284632676534153e-01 -2.449293598294706414e-16 1.045284632676529296e-01 2.079116908177593703e-01 3.090169943749471737e-01 4.067366430758013185e-01 5.000000000000007772e-01 5.877852522924735812e-01
-4.383711467890778479e-01 -5.299192642332047898e-01 -6.156614753256585137e-01 -6.946583704589973651e-01 -7.660444431189784575e-01 -8.290375725550414021e-01 -8.829475928589269884e-01 -9.271838545667873133e-01 -9.612616959383190052e-01 -9.848077530122080203e-01 -9.975640502598241977e-01 -9.993908270190957621e-01 -9.902680687415703620e-01 -9.702957262759963619e-01 -9.396926207859083169e-01 -8.987940462991670376e-01 -8.480480961564256237e-01 -7.880107536067217922e-01 -7.193398003386511919e-01 -6.427876096865389188e-01 -5.591929034707465718e-01 -4.694715627858908058e-01 -3.746065934159123478e-01 -2.756373558169989413e-01 -1.736481776669303867e-01 -6.975647374412563551e-02 3.489949670250033081e-02 1.391731009600662705e-01 2.419218955996682296e-01 3.420201433256697676e-01 4.383711467890781810e-01 5.299192642332053449e-01 6.156614753256584027e-01 6.946583704589972541e-01 7.660444431189777914e-01 8.290375725550418462e-01
-7.193398003386515249e-01 -7.880107536067221252e-01 -8.480480961564264009e-01 -8.987940462991668156e-01 -9.396926207859084279e-01 -9.702957262759964729e-01 -9.902680687415703620e-01 -9.993908270190957621e-01 -9.975640502598243087e-01 -9.848077530122080203e-01 -9.612616959383187831e-01 -9.271838545667874243e-01 -8.829475928589267664e-01 -8.290375725550416242e-01 -7.660444431189781245e-01 -6.946583704589969210e-01 -6.156614753256574035e-01 -5.299192642332043457e-01 -4.383711467890777924e-01 -3.420201433256686019e-01 -2.419218955996669806e-01 -1.391731009600649938e-01 -3.489949670250082348e-02 6.975647374412514978e-02 1.736481776669307753e-01 2.756373558169993299e-01 3.746065934159126809e-01 4.694715627858911389e-01 5.591929034707469048e-01 6.427876096865392519e-01 7.193398003386507478e-01 7.880107536067225693e-01 8.480480961564264009e-01 8.987940462991675927e-01 9.396926207859087610e-01 9.702957262759965840e-01
-9.135454576426009776e-01 -9.510565162951535312e-01 -9.781476007338055778e-01 -9.945218953682732899e-01 -1.000000000000000000e+00 -9.945218953682734009e-01 -9.781476007338055778e-01 -9.510565162951536422e-01 -9.135454576426010886e-01 -8.660254037844390407e-01 -8.090169943749475623e-01 -7.431448254773940221e-01 -6.691306063588587927e-01 -5.877852522924733591e-01 -4.999999999999996669e-01 -4.067366430758001528e-01 -3.090169943749476733e-01 -2.079116908177598699e-01 -1.045284632676534153e-01 -2.449293598294706414e-16 1.045284632676529296e-01 2.079116908177593703e-01 3.090169943749471737e-01 4.067366430757997087e-01 5.000000000000007772e-01 5.877852522924735812e-01 6.691306063588584596e-01 7.431448254773936890e-01 8.090169943749467851e-01 8.660254037844388186e-01 9.135454576426008666e-01 9.510565162951537532e-01 9.781476007338056888e-01 9.945218953682732899e-01 1.000000000000000000e+00 9.945218953682734009e-01
-9.975640502598241977e-01 -9.993908270190957621e-01 -9.902680687415703620e-01 -9.702957262759965840e-01 -9.396926207859083169e-01 -8.987940462991670376e-01 -8.480480961564261788e-01 -7.880107536067217922e-01 -7.193398003386511919e-01 -6.427876096865395850e-01 -5.591929034707473489e-01 -4.694715627858908058e-01 -3.746065934159123478e-01 -2.756373558169989413e-01 -1.736481776669303867e-01 -6.975647374412563551e-02 3.489949670250033081e-02 1.391731009600645219e-01 2.419218955996682296e-01 3.420201433256689350e-01 4.383711467890781810e-01 5.299192642332053449e-01 6.156614753256584027e-01 6.946583704589972541e-01 7.660444431189777914e-01 8.290375725550418462e-01 8.829475928589268774e-01 9.271838545667872022e-01 9.612616959383191162e-01 9.848077530122080203e-01 9.975640502598241977e-01 9.993908270190957621e-01 9.902680687415704730e-01 9.702957262759963619e-01 9.396926207859086499e-01 8.987940462991662605e-01
-9.612616959383187831e-01 -9.271838545667874243e-01 -8.829475928589267664e-01 -8.290375725550416242e-01 -7.660444431189781245e-01 -6.946583704589975872e-01 -6.156614753256581807e-01 -5.299192642332043457e-01 -4.383711467890777924e-01 -3.420201433256694346e-01 -2.419218955996678688e-01 -1.391731009600649938e-01 -3.489949670250082348e-02 6.975647374412514978e-02 1.736481776669307753e-01 2.756373558169993299e-01 3.746065934159119037e-01 4.694715627858911389e-01 5.591929034707469048e-01 6.427876096865392519e-01 7.193398003386507478e-01 7.880107536067225693e-01 8.480480961564264009e-01 8.987940462991668156e-01 9.396926207859087610e-01 9.702957262759965840e-01 9.902680687415703620e-01 9.993908270190957621e-01 9.975640502598243087e-01 9.848077530122077983e-01 9.612616959383188942e-01 9.271838545667870912e-01 8.829475928589263223e-01 8.290375725550416242e-01 7.660444431189775694e-01 6.946583704589976982e-01
-8.090169943749470072e-01 -7.431448254773940221e-01 -6.691306063588581265e-01 -5.877852522924733591e-01 -4.999999999999996669e-01 -4.067366430758001528e-01 -3.090169943749476733e-01 -2.079116908177589818e-01 -1.045284632676534153e-01 -2.449293598294706414e-16 1.045284632676538178e-01 2.079116908177593703e-01 3.090169943749471737e-01 4.067366430757997087e-01 5.000000000000007772e-01 5.877852522924735812e-01 6.691306063588584596e-01 7.431448254773936890e-01 8.090169943749477843e-01 8.660254037844388186e-01 9.135454576426013107e-01 9.510565162951537532e-01 9.781476007338056888e-01 9.945218953682732899e-01 1.000000000000000000e+00 9.945218953682732899e-01 9.781476007338054668e-01 9.510565162951536422e-01 9.135454576426007556e-01 8.660254037844382635e-01 8.090169943749476733e-01 7.431448254773940221e-01 6.691306063588589037e-01 5.877852522924733591e-01 4.999999999999997780e-01 4.067366430757994311e-01
-5.591929034707473489e-01 -4.694715627858915830e-01 -3.746065934159123478e-01 -2.756373558169997739e-01 -1.736481776669303867e-01 -6.975647374412563551e-02 3.489949670250033081e-02 1.391731009600645219e-01 2.419218955996665088e-01 3.420201433256689350e-01 4.383711467890773483e-01 5.299192642332039016e-01 6.156614753256584027e-01 6.946583704589972541e-01 7.660444431189777914e-01 8.290375725550412911e-01 8.829475928589268774e-01 9.271838545667872022e-01 9.612616959383186721e-01 9.848077530122080203e-01 9.975640502598241977e-01 9.993908270190957621e-01 9.902680687415704730e-01 9.702957262759968060e-01 9.396926207859086499e-01 8.987940462991670376e-01 8.480480961564257347e-01 7.880107536067223473e-01 7.193398003386513029e-01 6.427876096865403621e-01 5.591929034707474599e-01 4.694715627858909168e-01 3.746065934159116262e-01 2.756373558169982196e-01 1.736481776669304977e-01 6.975647374412487223e-02
-2.419218955996678688e-01 -1.391731009600658819e-01 -3.489949670250082348e-02 6.975647374412514978e-02 1.736481776669299149e-01 2.756373558169993299e-01 3.746065934159119037e-01 4.694715627858903617e-01 5.591929034707469048e-01 6.427876096865392519e-01 7.193398003386507478e-01 7.880107536067214591e-01 8.480480961564264009e-01 8.987940462991668156e-01 9.396926207859080948e-01 9.702957262759965840e-01 9.902680687415703620e-01 9.993908270190957621e-01 9.975640502598243087e-01 9.848077530122081313e-01 9.612616959383188942e-01 9.271838545667877574e-01 8.829475928589272105e-01 8.290375725550416242e-01 7.660444431189775694e-01 6.946583704589976982e-01 6.156614753256582917e-01 5.299192642332044567e-01 4.383711467890779034e-01 3.420201433256687129e-01 2.419218955996671194e-01 1.391731009600659930e-01 3.489949670250094144e-02 -6.975647374412415058e-02 -1.736481776669297761e-01 -2.756373558169992188e-01
1.045284632676529296e-01 2.079116908177593703e-01 3.090169943749471737e-01 4.067366430757997087e-01 4.999999999999992784e-01 5.877852522924735812e-01 6.691306063588584596e-01 7.431448254773936890e-01 8.090169943749467851e-01 8.660254037844388186e-01 9.135454576426008666e-01 9.510565162951535312e-01 9.781476007338056888e-01 9.945218953682732899e-01 1.000000000000000000e+00 9.945218953682734009e-01 9.781476007338054668e-01 9.510565162951536422e-01 9.135454576426007556e-01 8.660254037844382635e-01 8.090169943749476733e-01 7.431448254773940221e-01 6.691306063588589037e-01 5.877852522924733591e-01 4.999999999999997780e-01 4.067366430758010409e-01 3.090169943749460635e-01 2.079116908177591205e-01 1.045284632676526521e-01 3.673940397442059375e-16 -1.045284632676519304e-01 -2.079116908177601197e-01 -3.090169943749470627e-01 -4.067366430758003748e-01 -5.000000000000006661e-01 -5.877852522924728040e-01
