-1.094414523503670633e-01 -2.223699203976765570e-01 -2.691274859597863056e-01 -2.454153087636961050e-01 -1.580244898038435375e-01 -2.374906892524619728e-02 1.330657442920331612e-01 2.840153447039222012e-01 4.007085029244504826e-01 4.588858220671680477e-01 4.420398345077659608e-01 3.440528028382585646e-01 1.704899918852239571e-01 -6.164542430624608826e-02 -3.256953007915547316e-01 -5.884705133034716651e-01 -8.143454305938324644e-01 -9.698227867513411482e-01 -1.028000105894058214e+00 -9.723699203976765570e-01 -7.994575718496972350e-01 -5.199343616020251080e-01 -1.580244898038452028e-01 2.507699839130814179e-01 6.633958301819433689e-01 1.034015344703921535e+00 1.319267156468141300e+00 1.483404874905497106e+00 1.502700006287587264e+00 1.368571855676588012e+00 1.089048645428915441e+00 6.883545756937562432e-01 2.046347850983581129e-01 -3.139514604651416629e-01 -8.143454305938313542e-01 -1.244341839589669041e+00
2.463147411859880065e-01 5.469626608698796577e-02 -1.094414523503670633e-01 -2.223699203976765570e-01 -2.691274859597861946e-01 -2.454153087636961050e-01 -1.580244898038435375e-01 -2.374906892524619728e-02 1.330657442920331612e-01 2.840153447039224788e-01 4.007085029244504826e-01 4.588858220671681032e-01 4.420398345077659608e-01 3.440528028382585646e-01 1.704899918852239571e-01 -6.164542430624553315e-02 -3.256953007915548426e-01 -5.884705133034715541e-01 -8.143454305938331306e-01 -9.698227867513413702e-01 -1.028000105894058658e+00 -9.723699203976765570e-01 -7.994575718496981231e-01 -5.199343616020251080e-01 -1.580244898038452028e-01 2.507699839130825836e-01 6.633958301819433689e-01 1.034015344703923311e+00 1.319267156468141300e+00 1.483404874905496662e+00 1.502700006287587264e+00 1.368571855676588456e+00 1.089048645428915441e+00 6.883545756937562432e-01 2.046347850983565031e-01 -3.139514604651416629e-01
5.928633527521367519e-01 4.360485395348573934e-01 2.463147411859880065e-01 5.469626608698796577e-02 -1.094414523503670633e-01 -2.223699203976765570e-01 -2.691274859597861946e-01 -2.454153087636961050e-01 -1.580244898038435375e-01 -2.374906892524641933e-02 1.330657442920338829e-01 2.840153447039222012e-01 4.007085029244504826e-01 4.588858220671680477e-01 4.420398345077659608e-01 3.440528028382585646e-01 1.704899918852239571e-01 -6.164542430624608826e-02 -3.256953007915547316e-01 -5.884705133034721092e-01 -8.143454305938335747e-01 -9.698227867513413702e-01 -1.028000105894058214e+00 -9.723699203976765570e-01 -7.994575718496972350e-01 -5.199343616020251080e-01 -1.580244898038434265e-01 2.507699839130825836e-01 6.633958301819453673e-01 1.034015344703923311e+00 1.319267156468142632e+00 1.483404874905497106e+00 1.502700006287587264e+00 1.368571855676588012e+00 1.089048645428915441e+00 6.883545756937542448e-01
7.008200777751347754e-01 6.883545756937543558e-01 5.928633527521367519e-01 4.360485395348573934e-01 2.463147411859880065e-01 5.469626608698796577e-02 -1.094414523503670633e-01 -2.223699203976765570e-01 -2.691274859597861946e-01 -2.454153087636961050e-01 -1.580244898038433154e-01 -2.374906892524619728e-02 1.330657442920331612e-01 2.840153447039224788e-01 4.007085029244504826e-01 4.588858220671681032e-01 4.420398345077659608e-01 3.440528028382585646e-01 1.704899918852239571e-01 -6.164542430624608826e-02 -3.256953007915547316e-01 -5.884705133034721092e-01 -8.143454305938324644e-01 -9.698227867513411482e-01 -1.028000105894058214e+00 -9.723699203976765570e-01 -7.994575718496972350e-01 -5.199343616020251080e-01 -1.580244898038434265e-01 2.507699839130825836e-01 6.633958301819453673e-01 1.034015344703921535e+00 1.319267156468141300e+00 1.483404874905497106e+00 1.502700006287587264e+00 1.368571855676588012e+00
4.420398345077661828e-01 6.185718556765873455e-01 7.008200777751343313e-01 6.883545756937542448e-01 5.928633527521367519e-01 4.360485395348571713e-01 2.463147411859878955e-01 5.469626608698796577e-02 -1.094414523503665082e-01 -2.223699203976765570e-01 -2.691274859597861946e-01 -2.454153087636959940e-01 -1.580244898038436485e-01 -2.374906892524619728e-02 1.330657442920331612e-01 2.840153447039221457e-01 4.007085029244505936e-01 4.588858220671681032e-01 4.420398345077659608e-01 3.440528028382585646e-01 1.704899918852239571e-01 -6.164542430624608826e-02 -3.256953007915541209e-01 -5.884705133034716651e-01 -8.143454305938324644e-01 -9.698227867513411482e-01 -1.028000105894058214e+00 -9.723699203976765570e-01 -7.994575718496972350e-01 -5.199343616020251080e-01 -1.580244898038434265e-01 2.507699839130814179e-01 6.633958301819433689e-01 1.034015344703921535e+00 1.319267156468141300e+00 1.483404874905497106e+00
-1.296215829654600027e-01 1.843667692288388782e-01 4.420398345077661828e-01 6.185718556765875675e-01 7.008200777751347754e-01 6.883545756937543558e-01 5.928633527521369739e-01 4.360485395348573934e-01 2.463147411859880065e-01 5.469626608698807679e-02 -1.094414523503670633e-01 -2.223699203976765570e-01 -2.691274859597861946e-01 -2.454153087636961050e-01 -1.580244898038433154e-01 -2.374906892524619728e-02 1.330657442920331612e-01 2.840153447039224788e-01 4.007085029244504826e-01 4.588858220671680477e-01 4.420398345077658497e-01 3.440528028382582315e-01 1.704899918852242902e-01 -6.164542430624553315e-02 -3.256953007915548426e-01 -5.884705133034715541e-01 -8.143454305938331306e-01 -9.698227867513413702e-01 -1.028000105894058658e+00 -9.723699203976765570e-01 -7.994575718496959027e-01 -5.199343616020251080e-01 -1.580244898038452028e-01 2.507699839130825836e-01 6.633958301819433689e-01 1.034015344703923311e+00
-7.854929092516592659e-01 -4.659846552960789090e-01 -1.296215829654601137e-01 1.843667692288388782e-01 4.420398345077661828e-01 6.185718556765873455e-01 7.008200777751346644e-01 6.883545756937542448e-01 5.928633527521367519e-01 4.360485395348573934e-01 2.463147411859880065e-01 5.469626608698796577e-02 -1.094414523503665082e-01 -2.223699203976765570e-01 -2.691274859597861946e-01 -2.454153087636959940e-01 -1.580244898038436485e-01 -2.374906892524619728e-02 1.330657442920331612e-01 2.840153447039224788e-01 4.007085029244504826e-01 4.588858220671680477e-01 4.420398345077659608e-01 3.440528028382586756e-01 1.704899918852242902e-01 -6.164542430624553315e-02 -3.256953007915548426e-01 -5.884705133034715541e-01 -8.143454305938331306e-01 -9.698227867513413702e-01 -1.028000105894058658e+00 -9.723699203976770011e-01 -7.994575718496981231e-01 -5.199343616020251080e-01 -1.580244898038452028e-01 2.507699839130825836e-01
-1.218684661583665285e+00 -1.048268121763576088e+00 -7.854929092516592659e-01 -4.659846552960771882e-01 -1.296215829654600027e-01 1.843667692288388782e-01 4.420398345077664048e-01 6.185718556765875675e-01 7.008200777751347754e-01 6.883545756937540228e-01 5.928633527521363078e-01 4.360485395348573934e-01 2.463147411859880065e-01 5.469626608698807679e-02 -1.094414523503670633e-01 -2.223699203976765570e-01 -2.691274859597861946e-01 -2.454153087636961050e-01 -1.580244898038433154e-01 -2.374906892524614177e-02 1.330657442920337163e-01 2.840153447039225898e-01 4.007085029244505936e-01 4.588858220671681032e-01 4.420398345077659608e-01 3.440528028382585646e-01 1.704899918852239571e-01 -6.164542430624608826e-02 -3.256953007915547316e-01 -5.884705133034721092e-01 -8.143454305938335747e-01 -9.698227867513411482e-01 -1.028000105894058214e+00 -9.723699203976765570e-01 -7.994575718496972350e-01 -5.199343616020251080e-01
-1.187686139503477900e+00 -1.269934361602025330e+00 -1.218684661583664841e+00 -1.048268121763576088e+00 -7.854929092516592659e-01 -4.659846552960789090e-01 -1.296215829654601137e-01 1.843667692288388782e-01 4.420398345077661828e-01 6.185718556765875675e-01 7.008200777751347754e-01 6.883545756937542448e-01 5.928633527521367519e-01 4.360485395348573934e-01 2.463147411859880065e-01 5.469626608698796577e-02 -1.094414523503665082e-01 -2.223699203976765570e-01 -2.691274859597861946e-01 -2.454153087636961050e-01 -1.580244898038433154e-01 -2.374906892524614177e-02 1.330657442920330502e-01 2.840153447039221457e-01 4.007085029244505936e-01 4.588858220671681032e-01 4.420398345077659608e-01 3.440528028382585646e-01 1.704899918852239571e-01 -6.164542430624608826e-02 -3.256953007915547316e-01 -5.884705133034716651e-01 -8.143454305938324644e-01 -9.698227867513411482e-01 -1.028000105894058214e+00 -9.723699203976765570e-01
-6.397715382402776596e-01 -9.723699203976768901e-01 -1.187686139503477900e+00 -1.269934361602024664e+00 -1.218684661583664841e+00 -1.048268121763575644e+00 -7.854929092516591549e-01 -4.659846552960789090e-01 -1.296215829654601137e-01 1.843667692288388782e-01 4.420398345077661828e-01 6.185718556765873455e-01 7.008200777751343313e-01 6.883545756937542448e-01 5.928633527521367519e-01 4.360485395348579485e-01 2.463147411859886171e-01 5.469626608698796577e-02 -1.094414523503665082e-01 -2.223699203976765570e-01 -2.691274859597861946e-01 -2.454153087636961050e-01 -1.580244898038439816e-01 -2.374906892524680790e-02 1.330657442920330502e-01 2.840153447039221457e-01 4.007085029244505936e-01 4.588858220671681032e-01 4.420398345077659608e-01 3.440528028382585646e-01 1.704899918852239571e-01 -6.164542430624486702e-02 -3.256953007915541209e-01 -5.884705133034716651e-01 -8.143454305938324644e-01 -9.698227867513411482e-01
2.463147411859892277e-01 -2.198227867513411482e-01 -6.397715382402776596e-01 -9.723699203976768901e-01 -1.187686139503477900e+00 -1.269934361602024664e+00 -1.218684661583664397e+00 -1.048268121763575644e+00 -7.854929092516591549e-01 -4.659846552960789090e-01 -1.296215829654601137e-01 1.843667692288386561e-01 4.420398345077655167e-01 6.185718556765873455e-01 7.008200777751343313e-01 6.883545756937539117e-01 5.928633527521371960e-01 4.360485395348579485e-01 2.463147411859886171e-01 5.469626608698796577e-02 -1.094414523503665082e-01 -2.223699203976765570e-01 -2.691274859597863056e-01 -2.454153087636963271e-01 -1.580244898038439816e-01 -2.374906892524680790e-02 1.330657442920330502e-01 2.840153447039221457e-01 4.007085029244505936e-01 4.588858220671681032e-01 4.420398345077659608e-01 3.440528028382590087e-01 1.704899918852247342e-01 -6.164542430624486702e-02 -3.256953007915541209e-01 -5.884705133034716651e-01
1.123193438642047903e+00 7.105675923731848975e-01 2.463147411859853975e-01 -2.198227867513411482e-01 -6.397715382402793249e-01 -9.723699203976768901e-01 -1.187686139503477900e+00 -1.269934361602025330e+00 -1.218684661583665285e+00 -1.048268121763576088e+00 -7.854929092516576006e-01 -4.659846552960771882e-01 -1.296215829654600027e-01 1.843667692288399884e-01 4.420398345077664048e-01 6.185718556765875675e-01 7.008200777751347754e-01 6.883545756937540228e-01 5.928633527521363078e-01 4.360485395348567272e-01 2.463147411859875069e-01 5.469626608698752168e-02 -1.094414523503665082e-01 -2.223699203976765570e-01 -2.691274859597861946e-01 -2.454153087636961050e-01 -1.580244898038433154e-01 -2.374906892524614177e-02 1.330657442920337163e-01 2.840153447039225898e-01 4.007085029244509267e-01 4.588858220671681032e-01 4.420398345077659608e-01 3.440528028382585646e-01 1.704899918852239571e-01 -6.164542430624608826e-02
1.619378731318826148e+00 1.438354575693754134e+00 1.123193438642047903e+00 7.105675923731870069e-01 2.463147411859853975e-01 -2.198227867513411482e-01 -6.397715382402776596e-01 -9.723699203976768901e-01 -1.187686139503477900e+00 -1.269934361602025330e+00 -1.218684661583665285e+00 -1.048268121763576088e+00 -7.854929092516592659e-01 -4.659846552960771882e-01 -1.296215829654600027e-01 1.843667692288388782e-01 4.420398345077661828e-01 6.185718556765875675e-01 7.008200777751347754e-01 6.883545756937540228e-01 5.928633527521363078e-01 4.360485395348567272e-01 2.463147411859886171e-01 5.469626608698796577e-02 -1.094414523503665082e-01 -2.223699203976765570e-01 -2.691274859597861946e-01 -2.454153087636961050e-01 -1.580244898038433154e-01 -2.374906892524614177e-02 1.330657442920337163e-01 2.840153447039221457e-01 4.007085029244505936e-01 4.588858220671681032e-01 4.420398345077659608e-01 3.440528028382585646e-01
1.502700006287587708e+00 1.643090908514916570e+00 1.619378731318826148e+00 1.438354575693754134e+00 1.123193438642047903e+00 7.105675923731870069e-01 2.463147411859892277e-01 -2.198227867513411482e-01 -6.397715382402776596e-01 -9.723699203976768901e-01 -1.187686139503477900e+00 -1.269934361602024664e+00 -1.218684661583664841e+00 -1.048268121763576088e+00 -7.854929092516592659e-01 -4.659846552960789090e-01 -1.296215829654601137e-01 1.843667692288388782e-01 4.420398345077661828e-01 6.185718556765875675e-01 7.008200777751347754e-01 6.883545756937540228e-01 5.928633527521371960e-01 4.360485395348579485e-01 2.463147411859886171e-01 5.469626608698796577e-02 -1.094414523503665082e-01 -2.223699203976765570e-01 -2.691274859597861946e-01 -2.454153087636961050e-01 -1.580244898038433154e-01 -2.374906892524680790e-02 1.330657442920330502e-01 2.840153447039221457e-01 4.007085029244505936e-01 4.588858220671681032e-01
7.889370705782304816e-01 1.208885822067169435e+00 1.502700006287587708e+00 1.643090908514916126e+00 1.619378731318826148e+00 1.438354575693754134e+00 1.123193438642048125e+00 7.105675923731870069e-01 2.463147411859892277e-01 -2.198227867513411482e-01 -6.397715382402776596e-01 -9.723699203976768901e-01 -1.187686139503477900e+00 -1.269934361602024664e+00 -1.218684661583664841e+00 -1.048268121763575644e+00 -7.854929092516591549e-01 -4.659846552960789090e-01 -1.296215829654601137e-01 1.843667692288388782e-01 4.420398345077661828e-01 6.185718556765875675e-01 7.008200777751347754e-01 6.883545756937539117e-01 5.928633527521371960e-01 4.360485395348579485e-01 2.463147411859886171e-01 5.469626608698796577e-02 -1.094414523503665082e-01 -2.223699203976765570e-01 -2.691274859597861946e-01 -2.454153087636963271e-01 -1.580244898038439816e-01 -2.374906892524680790e-02 1.330657442920330502e-01 2.840153447039221457e-01
-2.551628233617443953e-01 2.840153447039256429e-01 7.889370705782339233e-01 1.208885822067169880e+00 1.502700006287587708e+00 1.643090908514916570e+00 1.619378731318826148e+00 1.438354575693754134e+00 1.123193438642047903e+00 7.105675923731848975e-01 2.463147411859853975e-01 -2.198227867513411482e-01 -6.397715382402793249e-01 -9.723699203976775562e-01 -1.187686139503478566e+00 -1.269934361602025330e+00 -1.218684661583665285e+00 -1.048268121763576088e+00 -7.854929092516576006e-01 -4.659846552960754673e-01 -1.296215829654584484e-01 1.843667692288402105e-01 4.420398345077661828e-01 6.185718556765875675e-01 7.008200777751347754e-01 6.883545756937540228e-01 5.928633527521363078e-01 4.360485395348567272e-01 2.463147411859875069e-01 5.469626608698752168e-02 -1.094414523503673964e-01 -2.223699203976765570e-01 -2.691274859597861946e-01 -2.454153087636961050e-01 -1.580244898038433154e-01 -2.374906892524614177e-02
-1.218684661583663953e+00 -7.737490689252461973e-01 -2.551628233617443953e-01 2.840153447039256429e-01 7.889370705782304816e-01 1.208885822067169435e+00 1.502700006287587708e+00 1.643090908514916570e+00 1.619378731318826148e+00 1.438354575693754134e+00 1.123193438642047903e+00 7.105675923731870069e-01 2.463147411859853975e-01 -2.198227867513411482e-01 -6.397715382402793249e-01 -9.723699203976768901e-01 -1.187686139503477900e+00 -1.269934361602025330e+00 -1.218684661583665285e+00 -1.048268121763576088e+00 -7.854929092516576006e-01 -4.659846552960754673e-01 -1.296215829654601137e-01 1.843667692288388782e-01 4.420398345077661828e-01 6.185718556765875675e-01 7.008200777751347754e-01 6.883545756937540228e-01 5.928633527521363078e-01 4.360485395348567272e-01 2.463147411859875069e-01 5.469626608698796577e-02 -1.094414523503665082e-01 -2.223699203976765570e-01 -2.691274859597861946e-01 -2.454153087636961050e-01
-1.718016225393388829e+00 -1.544453414440353889e+00 -1.218684661583663953e+00 -7.737490689252461973e-01 -2.551628233617478925e-01 2.840153447039215906e-01 7.889370705782304816e-01 1.208885822067169435e+00 1.502700006287587708e+00 1.643090908514916570e+00 1.619378731318826148e+00 1.438354575693754134e+00 1.123193438642047903e+00 7.105675923731870069e-01 2.463147411859853975e-01 -2.198227867513411482e-01 -6.397715382402776596e-01 -9.723699203976768901e-01 -1.187686139503477900e+00 -1.269934361602025330e+00 -1.218684661583665285e+00 -1.048268121763576088e+00 -7.854929092516591549e-01 -4.659846552960789090e-01 -1.296215829654601137e-01 1.843667692288388782e-01 4.420398345077661828e-01 6.185718556765875675e-01 7.008200777751347754e-01 6.883545756937540228e-01 5.928633527521363078e-01 4.360485395348579485e-01 2.463147411859886171e-01 5.469626608698796577e-02 -1.094414523503665082e-01 -2.223699203976765570e-01
