-2.152482510691072770e-01 -2.500000000000000000e-01 -2.152482510691071660e-01 -1.165253902806488995e-01 3.033008588991081833e-02 2.013518223330700851e-01 3.677624614938208580e-01 5.000000000000000000e-01 5.719301592920875699e-01 5.646926207859084279e-01 4.696699141100894037e-01 2.901735679475793139e-01 4.160007340217675154e-02 -2.500000000000005551e-01 -5.507961920498709585e-01 -8.231672305052593064e-01 -1.030330085889910485e+00 -1.141044443118978347e+00 -1.133806904612798760e+00 -1.000000000000000222e+00 -7.455783369590179843e-01 -3.910444431189779024e-01 3.033008588990893095e-02 4.758708751713976448e-01 8.980925473837311213e-01 1.249999999999999334e+00 1.490488812835778720e+00 1.589211673624237431e+00 1.530330085889910707e+00 1.314692620785908872e+00 9.601587269458681240e-01 5.000000000000021094e-01 -2.046610615995800297e-02 -5.486481776669294153e-01 -1.030330085889909375e+00 -1.415563495957306461e+00
3.033008588991026322e-02 -1.165253902806491215e-01 -2.152482510691072770e-01 -2.500000000000000000e-01 -2.152482510691069439e-01 -1.165253902806488995e-01 3.033008588991081833e-02 2.013518223330700851e-01 3.677624614938208580e-01 5.000000000000002220e-01 5.719301592920875699e-01 5.646926207859085389e-01 4.696699141100894037e-01 2.901735679475793139e-01 4.160007340217675154e-02 -2.499999999999997780e-01 -5.507961920498711805e-01 -8.231672305052593064e-01 -1.030330085889910929e+00 -1.141044443118978347e+00 -1.133806904612798983e+00 -1.000000000000000222e+00 -7.455783369590193166e-01 -3.910444431189779024e-01 3.033008588990893095e-02 4.758708751713988105e-01 8.980925473837311213e-01 1.250000000000000888e+00 1.490488812835778720e+00 1.589211673624236987e+00 1.530330085889910707e+00 1.314692620785909316e+00 9.601587269458681240e-01 5.000000000000021094e-01 -2.046610615995975158e-02 -5.486481776669294153e-01
3.677624614938204695e-01 2.013518223330697243e-01 3.033008588991026322e-02 -1.165253902806491215e-01 -2.152482510691072770e-01 -2.500000000000000000e-01 -2.152482510691069439e-01 -1.165253902806488995e-01 3.033008588991081833e-02 2.013518223330698631e-01 3.677624614938215242e-01 5.000000000000000000e-01 5.719301592920875699e-01 5.646926207859084279e-01 4.696699141100894037e-01 2.901735679475793139e-01 4.160007340217675154e-02 -2.500000000000005551e-01 -5.507961920498709585e-01 -8.231672305052597505e-01 -1.030330085889911373e+00 -1.141044443118978347e+00 -1.133806904612798760e+00 -1.000000000000000222e+00 -7.455783369590179843e-01 -3.910444431189779024e-01 3.033008588991092935e-02 4.758708751713988105e-01 8.980925473837330086e-01 1.250000000000000888e+00 1.490488812835779608e+00 1.589211673624237431e+00 1.530330085889910707e+00 1.314692620785908872e+00 9.601587269458681240e-01 4.999999999999998890e-01
5.719301592920874588e-01 4.999999999999993339e-01 3.677624614938204695e-01 2.013518223330697243e-01 3.033008588991026322e-02 -1.165253902806491215e-01 -2.152482510691072770e-01 -2.500000000000000000e-01 -2.152482510691069439e-01 -1.165253902806488995e-01 3.033008588991109589e-02 2.013518223330700851e-01 3.677624614938208580e-01 5.000000000000002220e-01 5.719301592920875699e-01 5.646926207859085389e-01 4.696699141100894037e-01 2.901735679475793139e-01 4.160007340217675154e-02 -2.500000000000005551e-01 -5.507961920498709585e-01 -8.231672305052597505e-01 -1.030330085889910485e+00 -1.141044443118978347e+00 -1.133806904612798760e+00 -1.000000000000000222e+00 -7.455783369590179843e-01 -3.910444431189779024e-01 3.033008588991092935e-02 4.758708751713988105e-01 8.980925473837330086e-01 1.249999999999999334e+00 1.490488812835778720e+00 1.589211673624237431e+00 1.530330085889910707e+00 1.314692620785908872e+00
4.696699141100894037e-01 5.646926207859082059e-01 5.719301592920875699e-01 4.999999999999998890e-01 3.677624614938204695e-01 2.013518223330695023e-01 3.033008588991092935e-02 -1.165253902806491215e-01 -2.152482510691070550e-01 -2.500000000000000000e-01 -2.152482510691069439e-01 -1.165253902806493436e-01 3.033008588991059629e-02 2.013518223330700851e-01 3.677624614938208580e-01 4.999999999999999445e-01 5.719301592920876809e-01 5.646926207859085389e-01 4.696699141100894037e-01 2.901735679475793139e-01 4.160007340217675154e-02 -2.500000000000005551e-01 -5.507961920498702924e-01 -8.231672305052593064e-01 -1.030330085889910485e+00 -1.141044443118978347e+00 -1.133806904612798760e+00 -1.000000000000000222e+00 -7.455783369590179843e-01 -3.910444431189779024e-01 3.033008588991092935e-02 4.758708751713976448e-01 8.980925473837311213e-01 1.249999999999999334e+00 1.490488812835778720e+00 1.589211673624237431e+00
4.160007340217763971e-02 2.901735679475796470e-01 4.696699141100894037e-01 5.646926207859085389e-01 5.719301592920874588e-01 4.999999999999993339e-01 3.677624614938206360e-01 2.013518223330697243e-01 3.033008588991026322e-02 -1.165253902806495656e-01 -2.152482510691072770e-01 -2.500000000000000000e-01 -2.152482510691069439e-01 -1.165253902806488995e-01 3.033008588991109589e-02 2.013518223330700851e-01 3.677624614938208580e-01 5.000000000000002220e-01 5.719301592920875699e-01 5.646926207859084279e-01 4.696699141100891817e-01 2.901735679475788698e-01 4.160007340217708460e-02 -2.499999999999997780e-01 -5.507961920498711805e-01 -8.231672305052593064e-01 -1.030330085889910929e+00 -1.141044443118978347e+00 -1.133806904612798983e+00 -1.000000000000000222e+00 -7.455783369590165410e-01 -3.910444431189779024e-01 3.033008588990893095e-02 4.758708751713988105e-01 8.980925473837311213e-01 1.250000000000000888e+00
-5.507961920498707364e-01 -2.500000000000002220e-01 4.160007340217630745e-02 2.901735679475796470e-01 4.696699141100894037e-01 5.646926207859082059e-01 5.719301592920873478e-01 4.999999999999998890e-01 3.677624614938204695e-01 2.013518223330697243e-01 3.033008588991026322e-02 -1.165253902806491215e-01 -2.152482510691070550e-01 -2.500000000000000000e-01 -2.152482510691069439e-01 -1.165253902806493436e-01 3.033008588991059629e-02 2.013518223330700851e-01 3.677624614938208580e-01 5.000000000000002220e-01 5.719301592920875699e-01 5.646926207859084279e-01 4.696699141100896258e-01 2.901735679475796470e-01 4.160007340217708460e-02 -2.499999999999997780e-01 -5.507961920498711805e-01 -8.231672305052593064e-01 -1.030330085889910929e+00 -1.141044443118978347e+00 -1.133806904612798983e+00 -1.000000000000000888e+00 -7.455783369590193166e-01 -3.910444431189779024e-01 3.033008588990893095e-02 4.758708751713988105e-01
-1.030330085889910041e+00 -8.231672305052589733e-01 -5.507961920498707364e-01 -2.500000000000002220e-01 4.160007340217763971e-02 2.901735679475796470e-01 4.696699141100896258e-01 5.646926207859085389e-01 5.719301592920874588e-01 4.999999999999996669e-01 3.677624614938208025e-01 2.013518223330697243e-01 3.033008588991026322e-02 -1.165253902806495656e-01 -2.152482510691072770e-01 -2.500000000000000000e-01 -2.152482510691069439e-01 -1.165253902806488995e-01 3.033008588991109589e-02 2.013518223330701962e-01 3.677624614938213576e-01 5.000000000000003331e-01 5.719301592920876809e-01 5.646926207859085389e-01 4.696699141100894037e-01 2.901735679475793139e-01 4.160007340217675154e-02 -2.500000000000005551e-01 -5.507961920498709585e-01 -8.231672305052597505e-01 -1.030330085889911373e+00 -1.141044443118978347e+00 -1.133806904612798760e+00 -1.000000000000000222e+00 -7.455783369590179843e-01 -3.910444431189779024e-01
-1.133806904612798316e+00 -1.141044443118977458e+00 -1.030330085889909819e+00 -8.231672305052588623e-01 -5.507961920498707364e-01 -2.500000000000002220e-01 4.160007340217630745e-02 2.901735679475796470e-01 4.696699141100894037e-01 5.646926207859085389e-01 5.719301592920874588e-01 4.999999999999998890e-01 3.677624614938204695e-01 2.013518223330697243e-01 3.033008588991026322e-02 -1.165253902806491215e-01 -2.152482510691070550e-01 -2.500000000000000000e-01 -2.152482510691069439e-01 -1.165253902806488995e-01 3.033008588991109589e-02 2.013518223330701962e-01 3.677624614938207470e-01 4.999999999999999445e-01 5.719301592920876809e-01 5.646926207859085389e-01 4.696699141100894037e-01 2.901735679475793139e-01 4.160007340217675154e-02 -2.500000000000005551e-01 -5.507961920498709585e-01 -8.231672305052593064e-01 -1.030330085889910485e+00 -1.141044443118978347e+00 -1.133806904612798760e+00 -1.000000000000000222e+00
-7.455783369590178733e-01 -1.000000000000000222e+00 -1.133806904612798983e+00 -1.141044443118977902e+00 -1.030330085889909819e+00 -8.231672305052585292e-01 -5.507961920498706254e-01 -2.500000000000002220e-01 4.160007340217630745e-02 2.901735679475796470e-01 4.696699141100894037e-01 5.646926207859082059e-01 5.719301592920875699e-01 4.999999999999998890e-01 3.677624614938204695e-01 2.013518223330693913e-01 3.033008588991081833e-02 -1.165253902806491215e-01 -2.152482510691070550e-01 -2.500000000000000000e-01 -2.152482510691069439e-01 -1.165253902806488995e-01 3.033008588991015220e-02 2.013518223330694190e-01 3.677624614938207470e-01 4.999999999999999445e-01 5.719301592920876809e-01 5.646926207859085389e-01 4.696699141100894037e-01 2.901735679475793139e-01 4.160007340217675154e-02 -2.499999999999990008e-01 -5.507961920498702924e-01 -8.231672305052593064e-01 -1.030330085889910485e+00 -1.141044443118978347e+00
3.033008588991059629e-02 -3.910444431189775694e-01 -7.455783369590178733e-01 -1.000000000000000222e+00 -1.133806904612798983e+00 -1.141044443118977902e+00 -1.030330085889910929e+00 -8.231672305052585292e-01 -5.507961920498706254e-01 -2.500000000000002220e-01 4.160007340217630745e-02 2.901735679475787588e-01 4.696699141100891817e-01 5.646926207859082059e-01 5.719301592920875699e-01 5.000000000000003331e-01 3.677624614938209691e-01 2.013518223330693913e-01 3.033008588991081833e-02 -1.165253902806491215e-01 -2.152482510691070550e-01 -2.500000000000000000e-01 -2.152482510691073880e-01 -1.165253902806492325e-01 3.033008588991015220e-02 2.013518223330694190e-01 3.677624614938207470e-01 4.999999999999999445e-01 5.719301592920876809e-01 5.646926207859085389e-01 4.696699141100894037e-01 2.901735679475800911e-01 4.160007340217775074e-02 -2.499999999999990008e-01 -5.507961920498702924e-01 -8.231672305052593064e-01
8.980925473837306772e-01 4.758708751713981444e-01 3.033008588990859788e-02 -3.910444431189775694e-01 -7.455783369590197607e-01 -1.000000000000000222e+00 -1.133806904612798316e+00 -1.141044443118977458e+00 -1.030330085889910041e+00 -8.231672305052589733e-01 -5.507961920498708475e-01 -2.500000000000002220e-01 4.160007340217763971e-02 2.901735679475797580e-01 4.696699141100896258e-01 5.646926207859085389e-01 5.719301592920874588e-01 4.999999999999996669e-01 3.677624614938208025e-01 2.013518223330690582e-01 3.033008588990981913e-02 -1.165253902806494546e-01 -2.152482510691070550e-01 -2.500000000000000000e-01 -2.152482510691069439e-01 -1.165253902806488995e-01 3.033008588991109589e-02 2.013518223330701962e-01 3.677624614938213576e-01 5.000000000000003331e-01 5.719301592920877919e-01 5.646926207859085389e-01 4.696699141100894037e-01 2.901735679475793139e-01 4.160007340217675154e-02 -2.500000000000005551e-01
1.490488812835778276e+00 1.249999999999999112e+00 8.980925473837306772e-01 4.758708751713984775e-01 3.033008588990859788e-02 -3.910444431189775694e-01 -7.455783369590178733e-01 -1.000000000000000222e+00 -1.133806904612798316e+00 -1.141044443118977458e+00 -1.030330085889910041e+00 -8.231672305052588623e-01 -5.507961920498707364e-01 -2.500000000000002220e-01 4.160007340217763971e-02 2.901735679475796470e-01 4.696699141100894037e-01 5.646926207859085389e-01 5.719301592920874588e-01 4.999999999999996669e-01 3.677624614938208025e-01 2.013518223330690582e-01 3.033008588991081833e-02 -1.165253902806491215e-01 -2.152482510691070550e-01 -2.500000000000000000e-01 -2.152482510691069439e-01 -1.165253902806488995e-01 3.033008588991109589e-02 2.013518223330701962e-01 3.677624614938213576e-01 4.999999999999999445e-01 5.719301592920876809e-01 5.646926207859085389e-01 4.696699141100894037e-01 2.901735679475793139e-01
1.530330085889910707e+00 1.589211673624237431e+00 1.490488812835778276e+00 1.250000000000000444e+00 8.980925473837306772e-01 4.758708751713984775e-01 3.033008588991059629e-02 -3.910444431189775694e-01 -7.455783369590178733e-01 -1.000000000000000222e+00 -1.133806904612798316e+00 -1.141044443118977902e+00 -1.030330085889909819e+00 -8.231672305052588623e-01 -5.507961920498707364e-01 -2.500000000000002220e-01 4.160007340217630745e-02 2.901735679475796470e-01 4.696699141100894037e-01 5.646926207859085389e-01 5.719301592920874588e-01 4.999999999999996669e-01 3.677624614938209691e-01 2.013518223330693913e-01 3.033008588991081833e-02 -1.165253902806491215e-01 -2.152482510691070550e-01 -2.500000000000000000e-01 -2.152482510691069439e-01 -1.165253902806488995e-01 3.033008588991109589e-02 2.013518223330694190e-01 3.677624614938207470e-01 4.999999999999999445e-01 5.719301592920876809e-01 5.646926207859085389e-01
9.601587269458683460e-01 1.314692620785909316e+00 1.530330085889910707e+00 1.589211673624236987e+00 1.490488812835778276e+00 1.250000000000000444e+00 8.980925473837326756e-01 4.758708751713984775e-01 3.033008588991059629e-02 -3.910444431189775694e-01 -7.455783369590178733e-01 -1.000000000000000222e+00 -1.133806904612798983e+00 -1.141044443118977902e+00 -1.030330085889909819e+00 -8.231672305052585292e-01 -5.507961920498706254e-01 -2.500000000000002220e-01 4.160007340217630745e-02 2.901735679475796470e-01 4.696699141100894037e-01 5.646926207859085389e-01 5.719301592920872368e-01 5.000000000000003331e-01 3.677624614938209691e-01 2.013518223330693913e-01 3.033008588991081833e-02 -1.165253902806491215e-01 -2.152482510691070550e-01 -2.500000000000000000e-01 -2.152482510691069439e-01 -1.165253902806492325e-01 3.033008588991015220e-02 2.013518223330694190e-01 3.677624614938207470e-01 4.999999999999999445e-01
-2.046610615995764215e-02 5.000000000000024425e-01 9.601587269458701224e-01 1.314692620785909760e+00 1.530330085889910707e+00 1.589211673624237431e+00 1.490488812835778276e+00 1.249999999999999112e+00 8.980925473837306772e-01 4.758708751713981444e-01 3.033008588990859788e-02 -3.910444431189775694e-01 -7.455783369590197607e-01 -1.000000000000000888e+00 -1.133806904612798983e+00 -1.141044443118977458e+00 -1.030330085889910041e+00 -8.231672305052589733e-01 -5.507961920498708475e-01 -2.499999999999986677e-01 4.160007340217775074e-02 2.901735679475805352e-01 4.696699141100894037e-01 5.646926207859085389e-01 5.719301592920874588e-01 4.999999999999996669e-01 3.677624614938208025e-01 2.013518223330690582e-01 3.033008588990981913e-02 -1.165253902806494546e-01 -2.152482510691074991e-01 -2.500000000000000000e-01 -2.152482510691069439e-01 -1.165253902806488995e-01 3.033008588991109589e-02 2.013518223330701962e-01
-1.030330085889908931e+00 -5.486481776669289712e-01 -2.046610615995764215e-02 5.000000000000024425e-01 9.601587269458683460e-01 1.314692620785909316e+00 1.530330085889910707e+00 1.589211673624237431e+00 1.490488812835778276e+00 1.249999999999999112e+00 8.980925473837306772e-01 4.758708751713984775e-01 3.033008588990859788e-02 -3.910444431189775694e-01 -7.455783369590197607e-01 -1.000000000000000222e+00 -1.133806904612798316e+00 -1.141044443118977458e+00 -1.030330085889910041e+00 -8.231672305052589733e-01 -5.507961920498708475e-01 -2.499999999999986677e-01 4.160007340217630745e-02 2.901735679475796470e-01 4.696699141100894037e-01 5.646926207859085389e-01 5.719301592920874588e-01 4.999999999999996669e-01 3.677624614938208025e-01 2.013518223330690582e-01 3.033008588990981913e-02 -1.165253902806491215e-01 -2.152482510691070550e-01 -2.500000000000000000e-01 -2.152482510691069439e-01 -1.165253902806488995e-01
-1.664136990502708802e+00 -1.415563495957306017e+00 -1.030330085889908931e+00 -5.486481776669289712e-01 -2.046610615995939075e-02 5.000000000000002220e-01 9.601587269458683460e-01 1.314692620785909316e+00 1.530330085889910707e+00 1.589211673624237431e+00 1.490488812835778276e+00 1.250000000000000444e+00 8.980925473837306772e-01 4.758708751713984775e-01 3.033008588990859788e-02 -3.910444431189775694e-01 -7.455783369590178733e-01 -1.000000000000000222e+00 -1.133806904612798316e+00 -1.141044443118977458e+00 -1.030330085889910041e+00 -8.231672305052589733e-01 -5.507961920498706254e-01 -2.500000000000002220e-01 4.160007340217630745e-02 2.901735679475796470e-01 4.696699141100894037e-01 5.646926207859085389e-01 5.719301592920874588e-01 4.999999999999996669e-01 3.677624614938208025e-01 2.013518223330693913e-01 3.033008588991081833e-02 -1.165253902806491215e-01 -2.152482510691070550e-01 -2.500000000000000000e-01
