1.346959006354421007e+00 1.602640164354092178e+00 1.704369074337630963e+00 1.638534916200245828e+00 1.409147198551875757e+00 1.037620048215737611e+00 5.606155105511878567e-01 2.617694830787334337e-02 -5.114189402319825328e-01 -9.975146366376199669e-01 -1.382970250244002663e+00 -1.629443757459158704e+00 -1.713460233078718087e+00 -1.628817112661965272e+00 -1.387064417932538429e+00 -1.016020279562626749e+00 -5.565070341977848001e-01 -5.769534359490841036e-02 4.284003528107286352e-01 8.526401643540922892e-01 1.174038988447719811e+00 1.364015863361917047e+00 1.409147198551875757e+00 1.312139101054067281e+00 1.090945596441098342e+00 7.761769483078735377e-01 4.071397133117098943e-01 2.700441620070903603e-02 -3.223100784641815819e-01 -6.049247046208291456e-01 -7.949015795350261593e-01 -8.788171126619649387e-01 -8.567343320426287212e-01 -7.415012267242968580e-01 -5.565070341977836899e-01 -3.322143964332378574e-01
5.041531375820375027e-01 9.668237092434210922e-01 1.346959006354421007e+00 1.602640164354092178e+00 1.704369074337630963e+00 1.638534916200245828e+00 1.409147198551875757e+00 1.037620048215737611e+00 5.606155105511878567e-01 2.617694830787273275e-02 -5.114189402319831990e-01 -9.975146366376194118e-01 -1.382970250244002663e+00 -1.629443757459158704e+00 -1.713460233078718087e+00 -1.628817112661965716e+00 -1.387064417932538651e+00 -1.016020279562626749e+00 -5.565070341977836899e-01 -5.769534359490696707e-02 4.284003528107293013e-01 8.526401643540922892e-01 1.174038988447718701e+00 1.364015863361917047e+00 1.409147198551875757e+00 1.312139101054066170e+00 1.090945596441098342e+00 7.761769483078717613e-01 4.071397133117098943e-01 2.700441620070859194e-02 -3.223100784641815819e-01 -6.049247046208287015e-01 -7.949015795350261593e-01 -8.788171126619649387e-01 -8.567343320426273889e-01 -7.415012267242968580e-01
-4.685057643888469459e-01 8.498773275703197516e-03 5.041531375820375027e-01 9.668237092434210922e-01 1.346959006354421007e+00 1.602640164354092178e+00 1.704369074337630963e+00 1.638534916200245828e+00 1.409147198551875757e+00 1.037620048215737167e+00 5.606155105511871906e-01 2.617694830787334337e-02 -5.114189402319825328e-01 -9.975146366376199669e-01 -1.382970250244002663e+00 -1.629443757459158704e+00 -1.713460233078718087e+00 -1.628817112661965272e+00 -1.387064417932538429e+00 -1.016020279562625639e+00 -5.565070341977823576e-01 -5.769534359490696707e-02 4.284003528107286352e-01 8.526401643540922892e-01 1.174038988447719811e+00 1.364015863361917047e+00 1.409147198551875313e+00 1.312139101054066170e+00 1.090945596441097010e+00 7.761769483078717613e-01 4.071397133117081180e-01 2.700441620070903603e-02 -3.223100784641815819e-01 -6.049247046208291456e-01 -7.949015795350261593e-01 -8.788171126619648277e-01
-1.183130147188807157e+00 -8.788171126619652718e-01 -4.685057643888469459e-01 8.498773275703197516e-03 5.041531375820379468e-01 9.668237092434210922e-01 1.346959006354421007e+00 1.602640164354092178e+00 1.704369074337630963e+00 1.638534916200245828e+00 1.409147198551875757e+00 1.037620048215737611e+00 5.606155105511878567e-01 2.617694830787273275e-02 -5.114189402319831990e-01 -9.975146366376194118e-01 -1.382970250244002663e+00 -1.629443757459158704e+00 -1.713460233078718087e+00 -1.628817112661965272e+00 -1.387064417932538429e+00 -1.016020279562625639e+00 -5.565070341977848001e-01 -5.769534359490841036e-02 4.284003528107286352e-01 8.526401643540922892e-01 1.174038988447719811e+00 1.364015863361917047e+00 1.409147198551875313e+00 1.312139101054066170e+00 1.090945596441097010e+00 7.761769483078735377e-01 4.071397133117098943e-01 2.700441620070903603e-02 -3.223100784641815819e-01 -6.049247046208291456e-01
-1.382970250244003108e+00 -1.354924704620829923e+00 -1.183130147188807602e+00 -8.788171126619657159e-01 -4.685057643888469459e-01 8.498773275702531382e-03 5.041531375820373917e-01 9.668237092434206481e-01 1.346959006354421007e+00 1.602640164354092178e+00 1.704369074337630963e+00 1.638534916200245828e+00 1.409147198551876201e+00 1.037620048215737611e+00 5.606155105511878567e-01 2.617694830787412053e-02 -5.114189402319823108e-01 -9.975146366376194118e-01 -1.382970250244002663e+00 -1.629443757459158704e+00 -1.713460233078718087e+00 -1.628817112661965272e+00 -1.387064417932539317e+00 -1.016020279562626749e+00 -5.565070341977848001e-01 -5.769534359490841036e-02 4.284003528107286352e-01 8.526401643540922892e-01 1.174038988447719811e+00 1.364015863361917047e+00 1.409147198551875313e+00 1.312139101054067281e+00 1.090945596441098342e+00 7.761769483078735377e-01 4.071397133117098943e-01 2.700441620070903603e-02
-1.041749026121893795e+00 -1.272033689475948748e+00 -1.382970250244003108e+00 -1.354924704620829701e+00 -1.183130147188807157e+00 -8.788171126619652718e-01 -4.685057643888464463e-01 8.498773275703197516e-03 5.041531375820379468e-01 9.668237092434217583e-01 1.346959006354421229e+00 1.602640164354092178e+00 1.704369074337630963e+00 1.638534916200245828e+00 1.409147198551875757e+00 1.037620048215737611e+00 5.606155105511878567e-01 2.617694830787273275e-02 -5.114189402319831990e-01 -9.975146366376199669e-01 -1.382970250244003552e+00 -1.629443757459159148e+00 -1.713460233078718087e+00 -1.628817112661965716e+00 -1.387064417932538651e+00 -1.016020279562626749e+00 -5.565070341977836899e-01 -5.769534359490696707e-02 4.284003528107293013e-01 8.526401643540922892e-01 1.174038988447721366e+00 1.364015863361917047e+00 1.409147198551875757e+00 1.312139101054066170e+00 1.090945596441098342e+00 7.761769483078717613e-01
-3.579431429925044594e-01 -7.238230516921269064e-01 -1.041749026121893129e+00 -1.272033689475948748e+00 -1.382970250244003108e+00 -1.354924704620829923e+00 -1.183130147188807380e+00 -8.788171126619657159e-01 -4.685057643888469459e-01 8.498773275703197516e-03 5.041531375820379468e-01 9.668237092434206481e-01 1.346959006354421007e+00 1.602640164354092178e+00 1.704369074337630963e+00 1.638534916200245828e+00 1.409147198551876201e+00 1.037620048215737611e+00 5.606155105511878567e-01 2.617694830787273275e-02 -5.114189402319831990e-01 -9.975146366376199669e-01 -1.382970250244002219e+00 -1.629443757459158260e+00 -1.713460233078718087e+00 -1.628817112661965716e+00 -1.387064417932538651e+00 -1.016020279562626749e+00 -5.565070341977836899e-01 -5.769534359490696707e-02 4.284003528107293013e-01 8.526401643540906239e-01 1.174038988447718701e+00 1.364015863361917047e+00 1.409147198551875757e+00 1.312139101054066170e+00
3.484870267720537873e-01 1.310099537740760933e-02 -3.579431429925044594e-01 -7.238230516921269064e-01 -1.041749026121893795e+00 -1.272033689475948748e+00 -1.382970250244002886e+00 -1.354924704620829701e+00 -1.183130147188807157e+00 -8.788171126619644946e-01 -4.685057643888459467e-01 8.498773275703197516e-03 5.041531375820379468e-01 9.668237092434217583e-01 1.346959006354421229e+00 1.602640164354092178e+00 1.704369074337630963e+00 1.638534916200245828e+00 1.409147198551875757e+00 1.037620048215736723e+00 5.606155105511868575e-01 2.617694830787195559e-02 -5.114189402319823108e-01 -9.975146366376194118e-01 -1.382970250244002663e+00 -1.629443757459158704e+00 -1.713460233078718087e+00 -1.628817112661965272e+00 -1.387064417932538429e+00 -1.016020279562625639e+00 -5.565070341977823576e-01 -5.769534359490841036e-02 4.284003528107286352e-01 8.526401643540922892e-01 1.174038988447719811e+00 1.364015863361917047e+00
7.858104207939392571e-01 6.140158633619164918e-01 3.484870267720548975e-01 1.310099537740772035e-02 -3.579431429925044594e-01 -7.238230516921269064e-01 -1.041749026121893129e+00 -1.272033689475948748e+00 -1.382970250244003108e+00 -1.354924704620829701e+00 -1.183130147188807157e+00 -8.788171126619657159e-01 -4.685057643888469459e-01 8.498773275703197516e-03 5.041531375820379468e-01 9.668237092434206481e-01 1.346959006354421007e+00 1.602640164354092178e+00 1.704369074337630963e+00 1.638534916200245828e+00 1.409147198551875757e+00 1.037620048215736723e+00 5.606155105511887449e-01 2.617694830787412053e-02 -5.114189402319823108e-01 -9.975146366376194118e-01 -1.382970250244002663e+00 -1.629443757459158704e+00 -1.713460233078718087e+00 -1.628817112661965272e+00 -1.387064417932538429e+00 -1.016020279562626749e+00 -5.565070341977848001e-01 -5.769534359490841036e-02 4.284003528107286352e-01 8.526401643540922892e-01
8.166289204645093003e-01 8.526401643540925113e-01 7.858104207939392571e-01 6.140158633619170470e-01 3.484870267720548975e-01 1.310099537740938569e-02 -3.579431429925043484e-01 -7.238230516921269064e-01 -1.041749026121893129e+00 -1.272033689475948748e+00 -1.382970250244003108e+00 -1.354924704620829923e+00 -1.183130147188807602e+00 -8.788171126619657159e-01 -4.685057643888469459e-01 8.498773275702031782e-03 5.041531375820372807e-01 9.668237092434206481e-01 1.346959006354421007e+00 1.602640164354092178e+00 1.704369074337630963e+00 1.638534916200245828e+00 1.409147198551876867e+00 1.037620048215738278e+00 5.606155105511887449e-01 2.617694830787412053e-02 -5.114189402319823108e-01 -9.975146366376194118e-01 -1.382970250244002663e+00 -1.629443757459158704e+00 -1.713460233078718087e+00 -1.628817112661965938e+00 -1.387064417932539317e+00 -1.016020279562626749e+00 -5.565070341977848001e-01 -5.769534359490841036e-02
5.041531375820375027e-01 6.923046564050920892e-01 8.166289204645093003e-01 8.526401643540925113e-01 7.858104207939392571e-01 6.140158633619170470e-01 3.484870267720553416e-01 1.310099537740938569e-02 -3.579431429925043484e-01 -7.238230516921269064e-01 -1.041749026121893129e+00 -1.272033689475948304e+00 -1.382970250244002441e+00 -1.354924704620829923e+00 -1.183130147188807602e+00 -8.788171126619660489e-01 -4.685057643888476120e-01 8.498773275702031782e-03 5.041531375820372807e-01 9.668237092434206481e-01 1.346959006354421007e+00 1.602640164354092178e+00 1.704369074337630741e+00 1.638534916200246272e+00 1.409147198551876867e+00 1.037620048215738278e+00 5.606155105511887449e-01 2.617694830787412053e-02 -5.114189402319823108e-01 -9.975146366376194118e-01 -1.382970250244002663e+00 -1.629443757459158038e+00 -1.713460233078718087e+00 -1.628817112661965938e+00 -1.387064417932539317e+00 -1.016020279562626749e+00
6.182432150106431656e-02 2.830178261140320894e-01 5.041531375820388350e-01 6.923046564050920892e-01 8.166289204645100774e-01 8.526401643540925113e-01 7.858104207939392571e-01 6.140158633619164918e-01 3.484870267720537873e-01 1.310099537740760933e-02 -3.579431429925045705e-01 -7.238230516921269064e-01 -1.041749026121893795e+00 -1.272033689475949192e+00 -1.382970250244002886e+00 -1.354924704620829701e+00 -1.183130147188807157e+00 -8.788171126619644946e-01 -4.685057643888459467e-01 8.498773275703808139e-03 5.041531375820387240e-01 9.668237092434226465e-01 1.346959006354421007e+00 1.602640164354092178e+00 1.704369074337630963e+00 1.638534916200245828e+00 1.409147198551875757e+00 1.037620048215736723e+00 5.606155105511868575e-01 2.617694830787195559e-02 -5.114189402319844202e-01 -9.975146366376194118e-01 -1.382970250244002663e+00 -1.629443757459158704e+00 -1.713460233078718087e+00 -1.628817112661965272e+00
-2.645714936451153410e-01 -1.288171126619647167e-01 6.182432150106431656e-02 2.830178261140324225e-01 5.041531375820388350e-01 6.923046564050920892e-01 8.166289204645093003e-01 8.526401643540925113e-01 7.858104207939392571e-01 6.140158633619164918e-01 3.484870267720537873e-01 1.310099537740772035e-02 -3.579431429925044594e-01 -7.238230516921269064e-01 -1.041749026121893795e+00 -1.272033689475948748e+00 -1.382970250244003108e+00 -1.354924704620829701e+00 -1.183130147188807157e+00 -8.788171126619644946e-01 -4.685057643888459467e-01 8.498773275703808139e-03 5.041531375820372807e-01 9.668237092434206481e-01 1.346959006354421007e+00 1.602640164354092178e+00 1.704369074337630963e+00 1.638534916200245828e+00 1.409147198551875757e+00 1.037620048215736723e+00 5.606155105511868575e-01 2.617694830787412053e-02 -5.114189402319823108e-01 -9.975146366376194118e-01 -1.382970250244002663e+00 -1.629443757459158704e+00
-3.223100784641820260e-01 -3.304056517825006978e-01 -2.645714936451153410e-01 -1.288171126619654938e-01 6.182432150106431656e-02 2.830178261140324225e-01 5.041531375820375027e-01 6.923046564050920892e-01 8.166289204645093003e-01 8.526401643540925113e-01 7.858104207939392571e-01 6.140158633619170470e-01 3.484870267720548975e-01 1.310099537740772035e-02 -3.579431429925044594e-01 -7.238230516921269064e-01 -1.041749026121893129e+00 -1.272033689475948748e+00 -1.382970250244003108e+00 -1.354924704620829701e+00 -1.183130147188807157e+00 -8.788171126619644946e-01 -4.685057643888476120e-01 8.498773275702031782e-03 5.041531375820372807e-01 9.668237092434206481e-01 1.346959006354421007e+00 1.602640164354092178e+00 1.704369074337630963e+00 1.638534916200245828e+00 1.409147198551875757e+00 1.037620048215738278e+00 5.606155105511887449e-01 2.617694830787412053e-02 -5.114189402319823108e-01 -9.975146366376194118e-01
-1.231903725782015346e-01 -2.475146366376201890e-01 -3.223100784641820260e-01 -3.304056517825011419e-01 -2.645714936451153410e-01 -1.288171126619654938e-01 6.182432150106320634e-02 2.830178261140324225e-01 5.041531375820375027e-01 6.923046564050920892e-01 8.166289204645093003e-01 8.526401643540925113e-01 7.858104207939392571e-01 6.140158633619170470e-01 3.484870267720548975e-01 1.310099537740938569e-02 -3.579431429925043484e-01 -7.238230516921269064e-01 -1.041749026121893129e+00 -1.272033689475948748e+00 -1.382970250244003108e+00 -1.354924704620829701e+00 -1.183130147188808046e+00 -8.788171126619660489e-01 -4.685057643888476120e-01 8.498773275702031782e-03 5.041531375820372807e-01 9.668237092434206481e-01 1.346959006354421007e+00 1.602640164354092178e+00 1.704369074337630963e+00 1.638534916200246272e+00 1.409147198551876867e+00 1.037620048215738278e+00 5.606155105511887449e-01 2.617694830787412053e-02
1.723869428974047768e-01 2.617694830787192783e-02 -1.231903725782025338e-01 -2.475146366376197449e-01 -3.223100784641820260e-01 -3.304056517825006978e-01 -2.645714936451153410e-01 -1.288171126619647167e-01 6.182432150106431656e-02 2.830178261140320894e-01 5.041531375820388350e-01 6.923046564050920892e-01 8.166289204645100774e-01 8.526401643540918451e-01 7.858104207939385910e-01 6.140158633619164918e-01 3.484870267720537873e-01 1.310099537740760933e-02 -3.579431429925045705e-01 -7.238230516921286828e-01 -1.041749026121894683e+00 -1.272033689475949192e+00 -1.382970250244003108e+00 -1.354924704620829701e+00 -1.183130147188807157e+00 -8.788171126619644946e-01 -4.685057643888459467e-01 8.498773275703808139e-03 5.041531375820387240e-01 9.668237092434226465e-01 1.346959006354421895e+00 1.602640164354092178e+00 1.704369074337630963e+00 1.638534916200245828e+00 1.409147198551875757e+00 1.037620048215736723e+00
3.484870267720545645e-01 2.876200482157371674e-01 1.723869428974047768e-01 2.617694830787192783e-02 -1.231903725782015346e-01 -2.475146366376201890e-01 -3.223100784641820260e-01 -3.304056517825006978e-01 -2.645714936451153410e-01 -1.288171126619647167e-01 6.182432150106431656e-02 2.830178261140324225e-01 5.041531375820388350e-01 6.923046564050920892e-01 8.166289204645100774e-01 8.526401643540925113e-01 7.858104207939392571e-01 6.140158633619164918e-01 3.484870267720537873e-01 1.310099537740760933e-02 -3.579431429925045705e-01 -7.238230516921286828e-01 -1.041749026121893129e+00 -1.272033689475948748e+00 -1.382970250244003108e+00 -1.354924704620829701e+00 -1.183130147188807157e+00 -8.788171126619644946e-01 -4.685057643888459467e-01 8.498773275703808139e-03 5.041531375820387240e-01 9.668237092434206481e-01 1.346959006354421007e+00 1.602640164354092178e+00 1.704369074337630963e+00 1.638534916200245828e+00
2.554803349040284388e-01 3.394968105235873779e-01 3.484870267720545645e-01 2.876200482157371674e-01 1.723869428974064422e-01 2.617694830787303806e-02 -1.231903725782015346e-01 -2.475146366376201890e-01 -3.223100784641820260e-01 -3.304056517825006978e-01 -2.645714936451153410e-01 -1.288171126619654938e-01 6.182432150106431656e-02 2.830178261140324225e-01 5.041531375820388350e-01 6.923046564050920892e-01 8.166289204645093003e-01 8.526401643540925113e-01 7.858104207939392571e-01 6.140158633619164918e-01 3.484870267720537873e-01 1.310099537740760933e-02 -3.579431429925043484e-01 -7.238230516921269064e-01 -1.041749026121893129e+00 -1.272033689475948748e+00 -1.382970250244003108e+00 -1.354924704620829701e+00 -1.183130147188807157e+00 -8.788171126619644946e-01 -4.685057643888459467e-01 8.498773275702031782e-03 5.041531375820372807e-01 9.668237092434206481e-01 1.346959006354421007e+00 1.602640164354092178e+00
