-2.691274859597863056e-01 -2.223699203976764460e-01 -1.094414523503668413e-01 5.469626608698829884e-02 2.463147411859886726e-01 4.360485395348577264e-01 5.928633527521370850e-01 6.883545756937542448e-01 7.008200777751347754e-01 6.185718556765873455e-01 4.420398345077658497e-01 1.843667692288388782e-01 -1.296215829654604468e-01 -4.659846552960784094e-01 -7.854929092516587108e-01 -1.048268121763575644e+00 -1.218684661583664841e+00 -1.269934361602025552e+00 -1.187686139503477900e+00 -9.723699203976766681e-01 -6.397715382402774376e-01 -2.198227867513408151e-01 2.463147411859866187e-01 7.105675923731852306e-01 1.123193438642047237e+00 1.438354575693753912e+00 1.619378731318826148e+00 1.643090908514916570e+00 1.502700006287587264e+00 1.208885822067168769e+00 7.889370705782309257e-01 2.840153447039244217e-01 -2.551628233617456165e-01 -7.737490689252456422e-01 -1.218684661583663731e+00 -1.544453414440353889e+00
-1.580244898038439816e-01 -2.454153087636963271e-01 -2.691274859597863056e-01 -2.223699203976764460e-01 -1.094414523503662862e-01 5.469626608698829884e-02 2.463147411859886726e-01 4.360485395348577264e-01 5.928633527521370850e-01 6.883545756937544668e-01 7.008200777751346644e-01 6.185718556765876786e-01 4.420398345077658497e-01 1.843667692288388782e-01 -1.296215829654604468e-01 -4.659846552960775212e-01 -7.854929092516588218e-01 -1.048268121763575422e+00 -1.218684661583665285e+00 -1.269934361602025330e+00 -1.187686139503478122e+00 -9.723699203976766681e-01 -6.397715382402791029e-01 -2.198227867513408151e-01 2.463147411859866187e-01 7.105675923731864518e-01 1.123193438642047237e+00 1.438354575693755022e+00 1.619378731318826148e+00 1.643090908514916126e+00 1.502700006287587264e+00 1.208885822067169213e+00 7.889370705782309257e-01 2.840153447039244217e-01 -2.551628233617473929e-01 -7.737490689252456422e-01
1.330657442920328004e-01 -2.374906892524653035e-02 -1.580244898038439816e-01 -2.454153087636963271e-01 -2.691274859597863056e-01 -2.223699203976764460e-01 -1.094414523503662862e-01 5.469626608698829884e-02 2.463147411859886726e-01 4.360485395348575044e-01 5.928633527521377511e-01 6.883545756937542448e-01 7.008200777751347754e-01 6.185718556765873455e-01 4.420398345077658497e-01 1.843667692288388782e-01 -1.296215829654604468e-01 -4.659846552960784094e-01 -7.854929092516587108e-01 -1.048268121763576088e+00 -1.218684661583665285e+00 -1.269934361602025330e+00 -1.187686139503477900e+00 -9.723699203976766681e-01 -6.397715382402774376e-01 -2.198227867513408151e-01 2.463147411859887281e-01 7.105675923731864518e-01 1.123193438642049236e+00 1.438354575693755022e+00 1.619378731318826592e+00 1.643090908514916570e+00 1.502700006287587264e+00 1.208885822067168769e+00 7.889370705782309257e-01 2.840153447039220902e-01
4.007085029244502605e-01 2.840153447039222567e-01 1.330657442920328004e-01 -2.374906892524653035e-02 -1.580244898038439816e-01 -2.454153087636963271e-01 -2.691274859597863056e-01 -2.223699203976764460e-01 -1.094414523503662862e-01 5.469626608698829884e-02 2.463147411859890057e-01 4.360485395348577264e-01 5.928633527521370850e-01 6.883545756937544668e-01 7.008200777751346644e-01 6.185718556765876786e-01 4.420398345077658497e-01 1.843667692288388782e-01 -1.296215829654604468e-01 -4.659846552960784094e-01 -7.854929092516587108e-01 -1.048268121763576088e+00 -1.218684661583664841e+00 -1.269934361602025552e+00 -1.187686139503477900e+00 -9.723699203976766681e-01 -6.397715382402774376e-01 -2.198227867513408151e-01 2.463147411859887281e-01 7.105675923731864518e-01 1.123193438642049236e+00 1.438354575693753912e+00 1.619378731318826148e+00 1.643090908514916570e+00 1.502700006287587264e+00 1.208885822067168769e+00
4.420398345077658497e-01 4.588858220671678256e-01 4.007085029244498164e-01 2.840153447039220902e-01 1.330657442920328004e-01 -2.374906892524675239e-02 -1.580244898038440926e-01 -2.454153087636963271e-01 -2.691274859597863056e-01 -2.223699203976764460e-01 -1.094414523503662862e-01 5.469626608698796577e-02 2.463147411859883396e-01 4.360485395348577264e-01 5.928633527521370850e-01 6.883545756937542448e-01 7.008200777751348864e-01 6.185718556765876786e-01 4.420398345077658497e-01 1.843667692288388782e-01 -1.296215829654604468e-01 -4.659846552960784094e-01 -7.854929092516580447e-01 -1.048268121763575644e+00 -1.218684661583664841e+00 -1.269934361602025552e+00 -1.187686139503477900e+00 -9.723699203976766681e-01 -6.397715382402774376e-01 -2.198227867513408151e-01 2.463147411859887281e-01 7.105675923731852306e-01 1.123193438642047237e+00 1.438354575693753912e+00 1.619378731318826148e+00 1.643090908514916570e+00
1.704899918852241791e-01 3.440528028382585646e-01 4.420398345077658497e-01 4.588858220671675481e-01 4.007085029244502605e-01 2.840153447039222567e-01 1.330657442920329669e-01 -2.374906892524653035e-02 -1.580244898038439816e-01 -2.454153087636962161e-01 -2.691274859597863056e-01 -2.223699203976764460e-01 -1.094414523503662862e-01 5.469626608698829884e-02 2.463147411859890057e-01 4.360485395348577264e-01 5.928633527521370850e-01 6.883545756937544668e-01 7.008200777751346644e-01 6.185718556765873455e-01 4.420398345077654056e-01 1.843667692288382121e-01 -1.296215829654600027e-01 -4.659846552960775212e-01 -7.854929092516588218e-01 -1.048268121763575422e+00 -1.218684661583665285e+00 -1.269934361602025330e+00 -1.187686139503478122e+00 -9.723699203976766681e-01 -6.397715382402757722e-01 -2.198227867513408151e-01 2.463147411859866187e-01 7.105675923731864518e-01 1.123193438642047237e+00 1.438354575693755022e+00
-3.256953007915536769e-01 -6.164542430624520009e-02 1.704899918852240681e-01 3.440528028382585646e-01 4.420398345077658497e-01 4.588858220671678256e-01 4.007085029244501495e-01 2.840153447039220902e-01 1.330657442920328004e-01 -2.374906892524653035e-02 -1.580244898038439816e-01 -2.454153087636963271e-01 -2.691274859597863056e-01 -2.223699203976764460e-01 -1.094414523503662862e-01 5.469626608698796577e-02 2.463147411859883396e-01 4.360485395348577264e-01 5.928633527521370850e-01 6.883545756937544668e-01 7.008200777751346644e-01 6.185718556765873455e-01 4.420398345077662938e-01 1.843667692288392113e-01 -1.296215829654600027e-01 -4.659846552960775212e-01 -7.854929092516588218e-01 -1.048268121763575422e+00 -1.218684661583665285e+00 -1.269934361602025330e+00 -1.187686139503478122e+00 -9.723699203976774452e-01 -6.397715382402791029e-01 -2.198227867513408151e-01 2.463147411859866187e-01 7.105675923731864518e-01
-8.143454305938313542e-01 -5.884705133034704438e-01 -3.256953007915536769e-01 -6.164542430624520009e-02 1.704899918852241791e-01 3.440528028382585646e-01 4.420398345077658497e-01 4.588858220671675481e-01 4.007085029244502605e-01 2.840153447039217571e-01 1.330657442920322453e-01 -2.374906892524653035e-02 -1.580244898038439816e-01 -2.454153087636962161e-01 -2.691274859597863056e-01 -2.223699203976764460e-01 -1.094414523503662862e-01 5.469626608698829884e-02 2.463147411859890057e-01 4.360485395348578375e-01 5.928633527521376401e-01 6.883545756937544668e-01 7.008200777751348864e-01 6.185718556765876786e-01 4.420398345077658497e-01 1.843667692288388782e-01 -1.296215829654604468e-01 -4.659846552960784094e-01 -7.854929092516587108e-01 -1.048268121763576088e+00 -1.218684661583665285e+00 -1.269934361602025552e+00 -1.187686139503477900e+00 -9.723699203976766681e-01 -6.397715382402774376e-01 -2.198227867513408151e-01
-1.028000105894057992e+00 -9.698227867513408151e-01 -8.143454305938327975e-01 -5.884705133034703328e-01 -3.256953007915536769e-01 -6.164542430624520009e-02 1.704899918852240681e-01 3.440528028382585646e-01 4.420398345077658497e-01 4.588858220671675481e-01 4.007085029244502605e-01 2.840153447039220902e-01 1.330657442920328004e-01 -2.374906892524653035e-02 -1.580244898038439816e-01 -2.454153087636963271e-01 -2.691274859597863056e-01 -2.223699203976764460e-01 -1.094414523503662862e-01 5.469626608698829884e-02 2.463147411859890057e-01 4.360485395348578375e-01 5.928633527521369739e-01 6.883545756937542448e-01 7.008200777751348864e-01 6.185718556765876786e-01 4.420398345077658497e-01 1.843667692288388782e-01 -1.296215829654604468e-01 -4.659846552960784094e-01 -7.854929092516587108e-01 -1.048268121763575644e+00 -1.218684661583664841e+00 -1.269934361602025552e+00 -1.187686139503477900e+00 -9.723699203976766681e-01
-7.994575718496973460e-01 -9.723699203976766681e-01 -1.028000105894058880e+00 -9.698227867513415923e-01 -8.143454305938327975e-01 -5.884705133034717761e-01 -3.256953007915535658e-01 -6.164542430624520009e-02 1.704899918852240681e-01 3.440528028382585646e-01 4.420398345077658497e-01 4.588858220671678256e-01 4.007085029244498164e-01 2.840153447039220902e-01 1.330657442920328004e-01 -2.374906892524603075e-02 -1.580244898038435375e-01 -2.454153087636963271e-01 -2.691274859597863056e-01 -2.223699203976764460e-01 -1.094414523503662862e-01 5.469626608698829884e-02 2.463147411859878400e-01 4.360485395348570603e-01 5.928633527521369739e-01 6.883545756937542448e-01 7.008200777751348864e-01 6.185718556765876786e-01 4.420398345077658497e-01 1.843667692288388782e-01 -1.296215829654604468e-01 -4.659846552960766886e-01 -7.854929092516580447e-01 -1.048268121763575644e+00 -1.218684661583664841e+00 -1.269934361602025552e+00
-1.580244898038444257e-01 -5.199343616020253300e-01 -7.994575718496973460e-01 -9.723699203976766681e-01 -1.028000105894058880e+00 -9.698227867513415923e-01 -8.143454305938340188e-01 -5.884705133034717761e-01 -3.256953007915535658e-01 -6.164542430624520009e-02 1.704899918852240681e-01 3.440528028382583425e-01 4.420398345077658497e-01 4.588858220671678256e-01 4.007085029244498164e-01 2.840153447039217571e-01 1.330657442920333555e-01 -2.374906892524603075e-02 -1.580244898038435375e-01 -2.454153087636963271e-01 -2.691274859597863056e-01 -2.223699203976764460e-01 -1.094414523503671743e-01 5.469626608698741066e-02 2.463147411859878400e-01 4.360485395348570603e-01 5.928633527521369739e-01 6.883545756937542448e-01 7.008200777751348864e-01 6.185718556765876786e-01 4.420398345077658497e-01 1.843667692288399884e-01 -1.296215829654591145e-01 -4.659846552960766886e-01 -7.854929092516580447e-01 -1.048268121763575644e+00
6.633958301819421477e-01 2.507699839130810848e-01 -1.580244898038448698e-01 -5.199343616020253300e-01 -7.994575718496982342e-01 -9.723699203976766681e-01 -1.028000105894057992e+00 -9.698227867513408151e-01 -8.143454305938313542e-01 -5.884705133034704438e-01 -3.256953007915537879e-01 -6.164542430624520009e-02 1.704899918852241791e-01 3.440528028382587866e-01 4.420398345077658497e-01 4.588858220671675481e-01 4.007085029244502605e-01 2.840153447039217571e-01 1.330657442920322453e-01 -2.374906892524714097e-02 -1.580244898038443147e-01 -2.454153087636964381e-01 -2.691274859597863056e-01 -2.223699203976764460e-01 -1.094414523503662862e-01 5.469626608698829884e-02 2.463147411859890057e-01 4.360485395348578375e-01 5.928633527521376401e-01 6.883545756937544668e-01 7.008200777751347754e-01 6.185718556765876786e-01 4.420398345077658497e-01 1.843667692288388782e-01 -1.296215829654604468e-01 -4.659846552960784094e-01
1.319267156468140190e+00 1.034015344703920203e+00 6.633958301819421477e-01 2.507699839130814179e-01 -1.580244898038448698e-01 -5.199343616020253300e-01 -7.994575718496973460e-01 -9.723699203976766681e-01 -1.028000105894057992e+00 -9.698227867513408151e-01 -8.143454305938313542e-01 -5.884705133034703328e-01 -3.256953007915536769e-01 -6.164542430624520009e-02 1.704899918852241791e-01 3.440528028382585646e-01 4.420398345077658497e-01 4.588858220671675481e-01 4.007085029244502605e-01 2.840153447039217571e-01 1.330657442920322453e-01 -2.374906892524714097e-02 -1.580244898038435375e-01 -2.454153087636963271e-01 -2.691274859597863056e-01 -2.223699203976764460e-01 -1.094414523503662862e-01 5.469626608698829884e-02 2.463147411859890057e-01 4.360485395348578375e-01 5.928633527521376401e-01 6.883545756937542448e-01 7.008200777751348864e-01 6.185718556765876786e-01 4.420398345077658497e-01 1.843667692288388782e-01
1.502700006287587264e+00 1.483404874905497328e+00 1.319267156468140190e+00 1.034015344703923756e+00 6.633958301819421477e-01 2.507699839130814179e-01 -1.580244898038444257e-01 -5.199343616020253300e-01 -7.994575718496973460e-01 -9.723699203976766681e-01 -1.028000105894057992e+00 -9.698227867513415923e-01 -8.143454305938327975e-01 -5.884705133034703328e-01 -3.256953007915536769e-01 -6.164542430624520009e-02 1.704899918852240681e-01 3.440528028382585646e-01 4.420398345077658497e-01 4.588858220671675481e-01 4.007085029244502605e-01 2.840153447039217571e-01 1.330657442920333555e-01 -2.374906892524603075e-02 -1.580244898038435375e-01 -2.454153087636963271e-01 -2.691274859597863056e-01 -2.223699203976764460e-01 -1.094414523503662862e-01 5.469626608698829884e-02 2.463147411859890057e-01 4.360485395348570603e-01 5.928633527521369739e-01 6.883545756937542448e-01 7.008200777751348864e-01 6.185718556765876786e-01
1.089048645428916107e+00 1.368571855676588012e+00 1.502700006287587264e+00 1.483404874905496884e+00 1.319267156468140190e+00 1.034015344703923756e+00 6.633958301819459225e-01 2.507699839130814179e-01 -1.580244898038444257e-01 -5.199343616020253300e-01 -7.994575718496973460e-01 -9.723699203976766681e-01 -1.028000105894058880e+00 -9.698227867513415923e-01 -8.143454305938327975e-01 -5.884705133034717761e-01 -3.256953007915535658e-01 -6.164542430624520009e-02 1.704899918852240681e-01 3.440528028382585646e-01 4.420398345077658497e-01 4.588858220671675481e-01 4.007085029244509267e-01 2.840153447039217571e-01 1.330657442920333555e-01 -2.374906892524603075e-02 -1.580244898038435375e-01 -2.454153087636963271e-01 -2.691274859597863056e-01 -2.223699203976764460e-01 -1.094414523503662862e-01 5.469626608698741066e-02 2.463147411859878400e-01 4.360485395348570603e-01 5.928633527521369739e-01 6.883545756937542448e-01
2.046347850983576688e-01 6.883545756937557991e-01 1.089048645428916551e+00 1.368571855676588456e+00 1.502700006287587264e+00 1.483404874905497328e+00 1.319267156468140190e+00 1.034015344703920203e+00 6.633958301819421477e-01 2.507699839130810848e-01 -1.580244898038448698e-01 -5.199343616020253300e-01 -7.994575718496982342e-01 -9.723699203976770011e-01 -1.028000105894058658e+00 -9.698227867513408151e-01 -8.143454305938313542e-01 -5.884705133034704438e-01 -3.256953007915537879e-01 -6.164542430624520009e-02 1.704899918852250673e-01 3.440528028382590087e-01 4.420398345077658497e-01 4.588858220671675481e-01 4.007085029244502605e-01 2.840153447039217571e-01 1.330657442920322453e-01 -2.374906892524714097e-02 -1.580244898038443147e-01 -2.454153087636964381e-01 -2.691274859597863056e-01 -2.223699203976764460e-01 -1.094414523503662862e-01 5.469626608698829884e-02 2.463147411859890057e-01 4.360485395348578375e-01
-8.143454305938302440e-01 -3.139514604651404417e-01 2.046347850983576688e-01 6.883545756937557991e-01 1.089048645428916107e+00 1.368571855676588012e+00 1.502700006287587264e+00 1.483404874905497328e+00 1.319267156468140190e+00 1.034015344703920203e+00 6.633958301819421477e-01 2.507699839130814179e-01 -1.580244898038448698e-01 -5.199343616020253300e-01 -7.994575718496982342e-01 -9.723699203976766681e-01 -1.028000105894057992e+00 -9.698227867513408151e-01 -8.143454305938313542e-01 -5.884705133034704438e-01 -3.256953007915537879e-01 -6.164542430624520009e-02 1.704899918852240681e-01 3.440528028382585646e-01 4.420398345077658497e-01 4.588858220671675481e-01 4.007085029244502605e-01 2.840153447039217571e-01 1.330657442920322453e-01 -2.374906892524714097e-02 -1.580244898038443147e-01 -2.454153087636963271e-01 -2.691274859597863056e-01 -2.223699203976764460e-01 -1.094414523503662862e-01 5.469626608698829884e-02
-1.558330191783969587e+00 -1.244341839589667931e+00 -8.143454305938302440e-01 -3.139514604651404417e-01 2.046347850983576688e-01 6.883545756937551330e-01 1.089048645428916107e+00 1.368571855676588012e+00 1.502700006287587264e+00 1.483404874905497328e+00 1.319267156468140190e+00 1.034015344703923756e+00 6.633958301819421477e-01 2.507699839130814179e-01 -1.580244898038448698e-01 -5.199343616020253300e-01 -7.994575718496973460e-01 -9.723699203976766681e-01 -1.028000105894057992e+00 -9.698227867513408151e-01 -8.143454305938313542e-01 -5.884705133034704438e-01 -3.256953007915535658e-01 -6.164542430624520009e-02 1.704899918852240681e-01 3.440528028382585646e-01 4.420398345077658497e-01 4.588858220671675481e-01 4.007085029244502605e-01 2.840153447039217571e-01 1.330657442920322453e-01 -2.374906892524603075e-02 -1.580244898038435375e-01 -2.454153087636963271e-01 -2.691274859597863056e-01 -2.223699203976764460e-01
