4.488070138998014880e-01 1.622147477075266409e-01 -1.045932028382403622e-01 -3.207766734376675810e-01 -4.641918094783626936e-01 -5.237940462991667046e-01 -5.005440866321068105e-01 -4.067366430758001528e-01 -2.638707575710157460e-01 -9.936264418300050361e-02 5.745516640256265184e-02 1.795185197167127322e-01 2.458513565591952110e-01 2.445218953682732899e-01 1.743496765823657757e-01 4.513931762066814013e-02 -1.235934428141102215e-01 -3.052435262558749196e-01 -4.697516396438892183e-01 -5.877852522924732481e-01 -6.349232887281517357e-01 -5.952957262759963619e-01 -4.641918094783634707e-01 -2.492749934608385898e-01 2.978599925780356372e-02 3.432633569241991256e-01 6.546878959726748493e-01 9.251564086553284438e-01 1.118115338182383844e+00 1.204037572555041846e+00 1.164410010102887139e+00 9.945218953682744001e-01 7.046797624722777043e-01 3.196583704589981423e-01 -1.235934428141090557e-01 -5.797625790942025903e-01
9.370667289657104160e-01 7.192755265824541944e-01 4.488070138998014880e-01 1.622147477075266409e-01 -1.045932028382408063e-01 -3.207766734376675810e-01 -4.641918094783626936e-01 -5.237940462991667046e-01 -5.005440866321068105e-01 -4.067366430757999307e-01 -2.638707575710156350e-01 -9.936264418300067014e-02 5.745516640256265184e-02 1.795185197167127322e-01 2.458513565591952110e-01 2.445218953682734009e-01 1.743496765823656647e-01 4.513931762066825115e-02 -1.235934428141107766e-01 -3.052435262558751972e-01 -4.697516396438899955e-01 -5.877852522924732481e-01 -6.349232887281514026e-01 -5.952957262759963619e-01 -4.641918094783634707e-01 -2.492749934608378126e-01 2.978599925780356372e-02 3.432633569242007909e-01 6.546878959726748493e-01 9.251564086553279997e-01 1.118115338182383844e+00 1.204037572555042290e+00 1.164410010102887139e+00 9.945218953682744001e-01 7.046797624722769271e-01 3.196583704589981423e-01
1.092908330126057370e+00 1.069658370458997254e+00 9.370667289657104160e-01 7.192755265824541944e-01 4.488070138998014880e-01 1.622147477075266409e-01 -1.045932028382408063e-01 -3.207766734376675810e-01 -4.641918094783626936e-01 -5.237940462991669266e-01 -5.005440866321062554e-01 -4.067366430758001528e-01 -2.638707575710157460e-01 -9.936264418300050361e-02 5.745516640256265184e-02 1.795185197167127322e-01 2.458513565591952110e-01 2.445218953682732899e-01 1.743496765823657757e-01 4.513931762066802911e-02 -1.235934428141111652e-01 -3.052435262558751972e-01 -4.697516396438892183e-01 -5.877852522924732481e-01 -6.349232887281517357e-01 -5.952957262759963619e-01 -4.641918094783628046e-01 -2.492749934608378126e-01 2.978599925780500701e-02 3.432633569242007909e-01 6.546878959726765146e-01 9.251564086553284438e-01 1.118115338182383844e+00 1.204037572555041846e+00 1.164410010102887139e+00 9.945218953682735119e-01
7.761814424491060294e-01 9.945218953682732899e-01 1.092908330126057370e+00 1.069658370458997254e+00 9.370667289657104160e-01 7.192755265824541944e-01 4.488070138998014880e-01 1.622147477075266409e-01 -1.045932028382408063e-01 -3.207766734376675810e-01 -4.641918094783628046e-01 -5.237940462991667046e-01 -5.005440866321068105e-01 -4.067366430757999307e-01 -2.638707575710156350e-01 -9.936264418300067014e-02 5.745516640256265184e-02 1.795185197167127322e-01 2.458513565591952110e-01 2.445218953682732899e-01 1.743496765823657757e-01 4.513931762066802911e-02 -1.235934428141102215e-01 -3.052435262558749196e-01 -4.697516396438892183e-01 -5.877852522924732481e-01 -6.349232887281517357e-01 -5.952957262759963619e-01 -4.641918094783628046e-01 -2.492749934608378126e-01 2.978599925780500701e-02 3.432633569241991256e-01 6.546878959726748493e-01 9.251564086553284438e-01 1.118115338182383844e+00 1.204037572555041846e+00
5.745516640256276286e-02 4.540375725550414576e-01 7.761814424491055853e-01 9.945218953682731788e-01 1.092908330126057370e+00 1.069658370458997254e+00 9.370667289657110821e-01 7.192755265824541944e-01 4.488070138998023206e-01 1.622147477075266409e-01 -1.045932028382408063e-01 -3.207766734376672479e-01 -4.641918094783626936e-01 -5.237940462991667046e-01 -5.005440866321068105e-01 -4.067366430758002083e-01 -2.638707575710155795e-01 -9.936264418300067014e-02 5.745516640256265184e-02 1.795185197167127322e-01 2.458513565591952110e-01 2.445218953682732899e-01 1.743496765823658867e-01 4.513931762066814013e-02 -1.235934428141102215e-01 -3.052435262558749196e-01 -4.697516396438892183e-01 -5.877852522924732481e-01 -6.349232887281517357e-01 -5.952957262759963619e-01 -4.641918094783628046e-01 -2.492749934608385898e-01 2.978599925780356372e-02 3.432633569241991256e-01 6.546878959726748493e-01 9.251564086553284438e-01
-7.942008434609253431e-01 -3.738816970213291180e-01 5.745516640256276286e-02 4.540375725550417352e-01 7.761814424491060294e-01 9.945218953682732899e-01 1.092908330126057592e+00 1.069658370458997254e+00 9.370667289657104160e-01 7.192755265824534172e-01 4.488070138998014880e-01 1.622147477075266409e-01 -1.045932028382408063e-01 -3.207766734376675810e-01 -4.641918094783628046e-01 -5.237940462991667046e-01 -5.005440866321068105e-01 -4.067366430757999307e-01 -2.638707575710156350e-01 -9.936264418300050361e-02 5.745516640256309593e-02 1.795185197167130653e-01 2.458513565591952110e-01 2.445218953682734009e-01 1.743496765823656647e-01 4.513931762066825115e-02 -1.235934428141107766e-01 -3.052435262558751972e-01 -4.697516396438899955e-01 -5.877852522924732481e-01 -6.349232887281508475e-01 -5.952957262759963619e-01 -4.641918094783634707e-01 -2.492749934608378126e-01 2.978599925780356372e-02 3.432633569242007909e-01
-1.419102740175798516e+00 -1.156736643075800375e+00 -7.942008434609254541e-01 -3.738816970213291180e-01 5.745516640256276286e-02 4.540375725550414576e-01 7.761814424491059183e-01 9.945218953682731788e-01 1.092908330126057370e+00 1.069658370458997254e+00 9.370667289657104160e-01 7.192755265824541944e-01 4.488070138998023206e-01 1.622147477075266409e-01 -1.045932028382408063e-01 -3.207766734376672479e-01 -4.641918094783626936e-01 -5.237940462991667046e-01 -5.005440866321068105e-01 -4.067366430757999307e-01 -2.638707575710156350e-01 -9.936264418300050361e-02 5.745516640256209673e-02 1.795185197167126212e-01 2.458513565591952110e-01 2.445218953682734009e-01 1.743496765823656647e-01 4.513931762066825115e-02 -1.235934428141107766e-01 -3.052435262558751972e-01 -4.697516396438899955e-01 -5.877852522924731371e-01 -6.349232887281514026e-01 -5.952957262759963619e-01 -4.641918094783634707e-01 -2.492749934608378126e-01
-1.524851981258183997e+00 -1.548313099137495819e+00 -1.419102740175798516e+00 -1.156736643075798820e+00 -7.942008434609253431e-01 -3.738816970213291180e-01 5.745516640256298491e-02 4.540375725550417352e-01 7.761814424491060294e-01 9.945218953682736229e-01 1.092908330126057592e+00 1.069658370458997254e+00 9.370667289657104160e-01 7.192755265824534172e-01 4.488070138998014880e-01 1.622147477075266409e-01 -1.045932028382408063e-01 -3.207766734376675810e-01 -4.641918094783628046e-01 -5.237940462991670376e-01 -5.005440866321064775e-01 -4.067366430757998197e-01 -2.638707575710155795e-01 -9.936264418300067014e-02 5.745516640256265184e-02 1.795185197167127322e-01 2.458513565591952110e-01 2.445218953682732899e-01 1.743496765823657757e-01 4.513931762066802911e-02 -1.235934428141111652e-01 -3.052435262558749196e-01 -4.697516396438892183e-01 -5.877852522924732481e-01 -6.349232887281517357e-01 -5.952957262759963619e-01
-1.023151856381932179e+00 -1.345295726275996806e+00 -1.524851981258183997e+00 -1.548313099137495819e+00 -1.419102740175798516e+00 -1.156736643075800375e+00 -7.942008434609254541e-01 -3.738816970213291180e-01 5.745516640256276286e-02 4.540375725550417352e-01 7.761814424491060294e-01 9.945218953682731788e-01 1.092908330126057370e+00 1.069658370458997254e+00 9.370667289657104160e-01 7.192755265824541944e-01 4.488070138998023206e-01 1.622147477075266409e-01 -1.045932028382408063e-01 -3.207766734376675810e-01 -4.641918094783628046e-01 -5.237940462991670376e-01 -5.005440866321068105e-01 -4.067366430758002083e-01 -2.638707575710155795e-01 -9.936264418300067014e-02 5.745516640256265184e-02 1.795185197167127322e-01 2.458513565591952110e-01 2.445218953682732899e-01 1.743496765823657757e-01 4.513931762066814013e-02 -1.235934428141102215e-01 -3.052435262558749196e-01 -4.697516396438892183e-01 -5.877852522924732481e-01
-8.152307199010982997e-02 -5.877852522924735812e-01 -1.023151856381932179e+00 -1.345295726275996140e+00 -1.524851981258183997e+00 -1.548313099137496263e+00 -1.419102740175798294e+00 -1.156736643075800375e+00 -7.942008434609254541e-01 -3.738816970213291180e-01 5.745516640256276286e-02 4.540375725550414576e-01 7.761814424491055853e-01 9.945218953682731788e-01 1.092908330126057370e+00 1.069658370458997032e+00 9.370667289657109711e-01 7.192755265824541944e-01 4.488070138998023206e-01 1.622147477075266409e-01 -1.045932028382408063e-01 -3.207766734376675810e-01 -4.641918094783623605e-01 -5.237940462991669266e-01 -5.005440866321068105e-01 -4.067366430758002083e-01 -2.638707575710155795e-01 -9.936264418300067014e-02 5.745516640256265184e-02 1.795185197167127322e-01 2.458513565591952110e-01 2.445218953682734009e-01 1.743496765823658867e-01 4.513931762066814013e-02 -1.235934428141102215e-01 -3.052435262558749196e-01
9.370667289657107490e-01 4.447564737441241367e-01 -8.152307199010982997e-02 -5.877852522924735812e-01 -1.023151856381932179e+00 -1.345295726275996140e+00 -1.524851981258183553e+00 -1.548313099137496263e+00 -1.419102740175798294e+00 -1.156736643075800375e+00 -7.942008434609254541e-01 -3.738816970213310054e-01 5.745516640256254082e-02 4.540375725550414576e-01 7.761814424491055853e-01 9.945218953682729568e-01 1.092908330126057370e+00 1.069658370458997032e+00 9.370667289657109711e-01 7.192755265824541944e-01 4.488070138998023206e-01 1.622147477075266409e-01 -1.045932028382396961e-01 -3.207766734376671369e-01 -4.641918094783623605e-01 -5.237940462991669266e-01 -5.005440866321068105e-01 -4.067366430758002083e-01 -2.638707575710155795e-01 -9.936264418300067014e-02 5.745516640256265184e-02 1.795185197167123992e-01 2.458513565591951000e-01 2.445218953682734009e-01 1.743496765823658867e-01 4.513931762066814013e-02
1.623238416015967633e+00 1.344177423297324481e+00 9.370667289657086396e-01 4.447564737441241367e-01 -8.152307199011049610e-02 -5.877852522924735812e-01 -1.023151856381932179e+00 -1.345295726275996806e+00 -1.524851981258183997e+00 -1.548313099137495819e+00 -1.419102740175797184e+00 -1.156736643075798820e+00 -7.942008434609253431e-01 -3.738816970213290070e-01 5.745516640256298491e-02 4.540375725550417352e-01 7.761814424491060294e-01 9.945218953682736229e-01 1.092908330126057592e+00 1.069658370458996810e+00 9.370667289657099719e-01 7.192755265824535282e-01 4.488070138998023206e-01 1.622147477075266409e-01 -1.045932028382408063e-01 -3.207766734376675810e-01 -4.641918094783628046e-01 -5.237940462991670376e-01 -5.005440866321064775e-01 -4.067366430757998197e-01 -2.638707575710150799e-01 -9.936264418300067014e-02 5.745516640256265184e-02 1.795185197167127322e-01 2.458513565591952110e-01 2.445218953682732899e-01
1.694740095992798068e+00 1.744521895368273068e+00 1.623238416015967633e+00 1.344177423297326257e+00 9.370667289657086396e-01 4.447564737441241367e-01 -8.152307199010982997e-02 -5.877852522924735812e-01 -1.023151856381932179e+00 -1.345295726275996806e+00 -1.524851981258183997e+00 -1.548313099137495819e+00 -1.419102740175798516e+00 -1.156736643075798820e+00 -7.942008434609253431e-01 -3.738816970213291180e-01 5.745516640256276286e-02 4.540375725550417352e-01 7.761814424491060294e-01 9.945218953682736229e-01 1.092908330126057592e+00 1.069658370458996810e+00 9.370667289657109711e-01 7.192755265824541944e-01 4.488070138998023206e-01 1.622147477075266409e-01 -1.045932028382408063e-01 -3.207766734376675810e-01 -4.641918094783628046e-01 -5.237940462991670376e-01 -5.005440866321064775e-01 -4.067366430758002083e-01 -2.638707575710155795e-01 -9.936264418300067014e-02 5.745516640256265184e-02 1.795185197167127322e-01
1.118115338182384289e+00 1.478556625393370627e+00 1.694740095992798068e+00 1.744521895368273512e+00 1.623238416015967633e+00 1.344177423297326257e+00 9.370667289657107490e-01 4.447564737441241367e-01 -8.152307199010982997e-02 -5.877852522924735812e-01 -1.023151856381932179e+00 -1.345295726275996140e+00 -1.524851981258183997e+00 -1.548313099137495819e+00 -1.419102740175798516e+00 -1.156736643075800375e+00 -7.942008434609254541e-01 -3.738816970213291180e-01 5.745516640256276286e-02 4.540375725550417352e-01 7.761814424491060294e-01 9.945218953682736229e-01 1.092908330126057370e+00 1.069658370458997032e+00 9.370667289657109711e-01 7.192755265824541944e-01 4.488070138998023206e-01 1.622147477075266409e-01 -1.045932028382408063e-01 -3.207766734376675810e-01 -4.641918094783628046e-01 -5.237940462991669266e-01 -5.005440866321068105e-01 -4.067366430758002083e-01 -2.638707575710155795e-01 -9.936264418300067014e-02
1.243578100827648775e-01 6.506373558170006621e-01 1.118115338182384289e+00 1.478556625393370183e+00 1.694740095992798068e+00 1.744521895368273512e+00 1.623238416015968744e+00 1.344177423297326257e+00 9.370667289657107490e-01 4.447564737441241367e-01 -8.152307199010982997e-02 -5.877852522924735812e-01 -1.023151856381932179e+00 -1.345295726275996140e+00 -1.524851981258183997e+00 -1.548313099137496263e+00 -1.419102740175798294e+00 -1.156736643075800375e+00 -7.942008434609254541e-01 -3.738816970213291180e-01 5.745516640256276286e-02 4.540375725550417352e-01 7.761814424491052522e-01 9.945218953682729568e-01 1.092908330126057370e+00 1.069658370458997032e+00 9.370667289657109711e-01 7.192755265824541944e-01 4.488070138998023206e-01 1.622147477075266409e-01 -1.045932028382408063e-01 -3.207766734376671369e-01 -4.641918094783623605e-01 -5.237940462991669266e-01 -5.005440866321068105e-01 -4.067366430758002083e-01
-8.887726542858858103e-01 -4.067366430757976548e-01 1.243578100827673200e-01 6.506373558170011062e-01 1.118115338182384289e+00 1.478556625393370627e+00 1.694740095992798068e+00 1.744521895368273068e+00 1.623238416015967633e+00 1.344177423297324481e+00 9.370667289657086396e-01 4.447564737441241367e-01 -8.152307199011049610e-02 -5.877852522924742473e-01 -1.023151856381932845e+00 -1.345295726275996806e+00 -1.524851981258183997e+00 -1.548313099137495819e+00 -1.419102740175797184e+00 -1.156736643075798820e+00 -7.942008434609252321e-01 -3.738816970213287849e-01 5.745516640256276286e-02 4.540375725550417352e-01 7.761814424491060294e-01 9.945218953682736229e-01 1.092908330126057592e+00 1.069658370458996810e+00 9.370667289657099719e-01 7.192755265824535282e-01 4.488070138998007108e-01 1.622147477075266409e-01 -1.045932028382408063e-01 -3.207766734376675810e-01 -4.641918094783628046e-01 -5.237940462991670376e-01
-1.524851981258183109e+00 -1.273794046299165261e+00 -8.887726542858858103e-01 -4.067366430757976548e-01 1.243578100827648775e-01 6.506373558170006621e-01 1.118115338182384289e+00 1.478556625393370627e+00 1.694740095992798068e+00 1.744521895368273068e+00 1.623238416015967633e+00 1.344177423297326257e+00 9.370667289657086396e-01 4.447564737441241367e-01 -8.152307199011049610e-02 -5.877852522924735812e-01 -1.023151856381932179e+00 -1.345295726275996806e+00 -1.524851981258183997e+00 -1.548313099137495819e+00 -1.419102740175797184e+00 -1.156736643075798820e+00 -7.942008434609254541e-01 -3.738816970213291180e-01 5.745516640256276286e-02 4.540375725550417352e-01 7.761814424491060294e-01 9.945218953682736229e-01 1.092908330126057592e+00 1.069658370458996810e+00 9.370667289657099719e-01 7.192755265824541944e-01 4.488070138998023206e-01 1.622147477075266409e-01 -1.045932028382408063e-01 -3.207766734376675810e-01
-1.553481942271843108e+00 -1.619814779114326475e+00 -1.524851981258183109e+00 -1.273794046299165261e+00 -8.887726542858858103e-01 -4.067366430757983209e-01 1.243578100827648775e-01 6.506373558170006621e-01 1.118115338182384289e+00 1.478556625393370627e+00 1.694740095992798068e+00 1.744521895368273512e+00 1.623238416015967633e+00 1.344177423297326257e+00 9.370667289657086396e-01 4.447564737441241367e-01 -8.152307199010982997e-02 -5.877852522924735812e-01 -1.023151856381932179e+00 -1.345295726275996806e+00 -1.524851981258183997e+00 -1.548313099137495819e+00 -1.419102740175798294e+00 -1.156736643075800375e+00 -7.942008434609254541e-01 -3.738816970213291180e-01 5.745516640256276286e-02 4.540375725550417352e-01 7.761814424491060294e-01 9.945218953682736229e-01 1.092908330126057592e+00 1.069658370458997032e+00 9.370667289657109711e-01 7.192755265824541944e-01 4.488070138998023206e-01 1.622147477075266409e-01
