4.244600965430234130e-02 -1.410065241883678988e-01 -2.681017819245207212e-01 -3.248510119469061319e-01 -3.083404820555135650e-01 -2.268150231520479343e-01 -9.825742089584621475e-02 5.233595624294385545e-02 1.966168446623832999e-01 3.069983600624986431e-01 3.606764382984573025e-01 3.430270988029930912e-01 2.499256950684339840e-01 8.867056794542371723e-02 -1.226293465647531056e-01 -3.571473481155923446e-01 -5.826660421328542228e-01 -7.657311284892740488e-01 -8.761126438893885870e-01 -8.910065241883680098e-01 -7.984318678144318726e-01 -5.993700647852351349e-01 -3.083404820555146753e-01 4.770402968627984741e-02 4.320726649940639930e-01 8.023359562429430714e-01 1.115175498206073978e+00 1.331517412900827591e+00 1.421336610078278495e+00 1.367546151641322538e+00 1.168484348612125689e+00 8.386705679454257156e-01 4.077007393251596001e-01 -8.262829527726228696e-02 -5.826660421328530015e-01 -1.040250181327601720e+00
4.779941296469663592e-01 2.587879243490551207e-01 4.244600965430234130e-02 -1.410065241883678988e-01 -2.681017819245208322e-01 -3.248510119469061319e-01 -3.083404820555135650e-01 -2.268150231520479343e-01 -9.825742089584621475e-02 5.233595624294413301e-02 1.966168446623833554e-01 3.069983600624986986e-01 3.606764382984573025e-01 3.430270988029930912e-01 2.499256950684339840e-01 8.867056794542416132e-02 -1.226293465647532166e-01 -3.571473481155922336e-01 -5.826660421328548889e-01 -7.657311284892742709e-01 -8.761126438893892532e-01 -8.910065241883680098e-01 -7.984318678144323167e-01 -5.993700647852351349e-01 -3.083404820555146753e-01 4.770402968628095763e-02 4.320726649940639930e-01 8.023359562429448477e-01 1.115175498206073978e+00 1.331517412900827146e+00 1.421336610078278495e+00 1.367546151641322982e+00 1.168484348612125689e+00 8.386705679454257156e-01 4.077007393251581568e-01 -8.262829527726228696e-02
7.959293069789384889e-01 6.673717047227367694e-01 4.779941296469663592e-01 2.587879243490551207e-01 4.244600965430234130e-02 -1.410065241883678988e-01 -2.681017819245208322e-01 -3.248510119469061319e-01 -3.083404820555135650e-01 -2.268150231520481563e-01 -9.825742089584554861e-02 5.233595624294385545e-02 1.966168446623832999e-01 3.069983600624986431e-01 3.606764382984573025e-01 3.430270988029930912e-01 2.499256950684339840e-01 8.867056794542371723e-02 -1.226293465647531056e-01 -3.571473481155927332e-01 -5.826660421328553330e-01 -7.657311284892742709e-01 -8.761126438893885870e-01 -8.910065241883680098e-01 -7.984318678144318726e-01 -5.993700647852351349e-01 -3.083404820555132320e-01 4.770402968628095763e-02 4.320726649940659359e-01 8.023359562429448477e-01 1.115175498206075533e+00 1.331517412900827591e+00 1.421336610078278495e+00 1.367546151641322538e+00 1.168484348612125689e+00 8.386705679454240503e-01
7.802557809583448023e-01 8.386705679454240503e-01 7.959293069789384889e-01 6.673717047227367694e-01 4.779941296469663592e-01 2.587879243490551207e-01 4.244600965430234130e-02 -1.410065241883678988e-01 -2.681017819245208322e-01 -3.248510119469061319e-01 -3.083404820555131209e-01 -2.268150231520479343e-01 -9.825742089584621475e-02 5.233595624294413301e-02 1.966168446623833554e-01 3.069983600624986986e-01 3.606764382984573025e-01 3.430270988029930912e-01 2.499256950684339840e-01 8.867056794542371723e-02 -1.226293465647531056e-01 -3.571473481155927332e-01 -5.826660421328542228e-01 -7.657311284892740488e-01 -8.761126438893885870e-01 -8.910065241883680098e-01 -7.984318678144318726e-01 -5.993700647852351349e-01 -3.083404820555132320e-01 4.770402968628095763e-02 4.320726649940659359e-01 8.023359562429430714e-01 1.115175498206073978e+00 1.331517412900827591e+00 1.421336610078278495e+00 1.367546151641322538e+00
3.606764382984569695e-01 6.175461516413218721e-01 7.802557809583443582e-01 8.386705679454239393e-01 7.959293069789384889e-01 6.673717047227365473e-01 4.779941296469662482e-01 2.587879243490551207e-01 4.244600965430289641e-02 -1.410065241883678988e-01 -2.681017819245208322e-01 -3.248510119469060209e-01 -3.083404820555134540e-01 -2.268150231520479343e-01 -9.825742089584621475e-02 5.233595624294374443e-02 1.966168446623834665e-01 3.069983600624986986e-01 3.606764382984573025e-01 3.430270988029930912e-01 2.499256950684339840e-01 8.867056794542371723e-02 -1.226293465647525505e-01 -3.571473481155923446e-01 -5.826660421328542228e-01 -7.657311284892740488e-01 -8.761126438893885870e-01 -8.910065241883680098e-01 -7.984318678144318726e-01 -5.993700647852351349e-01 -3.083404820555132320e-01 4.770402968627984741e-02 4.320726649940639930e-01 8.023359562429430714e-01 1.115175498206073978e+00 1.331517412900827591e+00
-3.337132412275271576e-01 3.247930722416936256e-02 3.606764382984569695e-01 6.175461516413222052e-01 7.802557809583448023e-01 8.386705679454240503e-01 7.959293069789385999e-01 6.673717047227367694e-01 4.779941296469663592e-01 2.587879243490552317e-01 4.244600965430234130e-02 -1.410065241883678988e-01 -2.681017819245208322e-01 -3.248510119469061319e-01 -3.083404820555131209e-01 -2.268150231520479343e-01 -9.825742089584621475e-02 5.233595624294413301e-02 1.966168446623833554e-01 3.069983600624986431e-01 3.606764382984575246e-01 3.430270988029929802e-01 2.499256950684340950e-01 8.867056794542416132e-02 -1.226293465647532166e-01 -3.571473481155922336e-01 -5.826660421328548889e-01 -7.657311284892742709e-01 -8.761126438893892532e-01 -8.910065241883680098e-01 -7.984318678144306514e-01 -5.993700647852351349e-01 -3.083404820555146753e-01 4.770402968628095763e-02 4.320726649940639930e-01 8.023359562429448477e-01
-1.016816074439536921e+00 -6.976640437570554854e-01 -3.337132412275272686e-01 3.247930722416936256e-02 3.606764382984569695e-01 6.175461516413218721e-01 7.802557809583446913e-01 8.386705679454239393e-01 7.959293069789384889e-01 6.673717047227367694e-01 4.779941296469663592e-01 2.587879243490551207e-01 4.244600965430289641e-02 -1.410065241883678988e-01 -2.681017819245208322e-01 -3.248510119469060209e-01 -3.083404820555134540e-01 -2.268150231520479343e-01 -9.825742089584621475e-02 5.233595624294413301e-02 1.966168446623833554e-01 3.069983600624986431e-01 3.606764382984570805e-01 3.430270988029930912e-01 2.499256950684340950e-01 8.867056794542416132e-02 -1.226293465647532166e-01 -3.571473481155922336e-01 -5.826660421328548889e-01 -7.657311284892742709e-01 -8.761126438893892532e-01 -8.910065241883682319e-01 -7.984318678144323167e-01 -5.993700647852351349e-01 -3.083404820555146753e-01 4.770402968628095763e-02
-1.369000653835334091e+00 -1.251334075990376160e+00 -1.016816074439536921e+00 -6.976640437570554854e-01 -3.337132412275271576e-01 3.247930722416936256e-02 3.606764382984580797e-01 6.175461516413222052e-01 7.802557809583448023e-01 8.386705679454239393e-01 7.959293069789380448e-01 6.673717047227367694e-01 4.779941296469663592e-01 2.587879243490552317e-01 4.244600965430234130e-02 -1.410065241883678988e-01 -2.681017819245208322e-01 -3.248510119469061319e-01 -3.083404820555131209e-01 -2.268150231520478233e-01 -9.825742089584571515e-02 5.233595624294424403e-02 1.966168446623834665e-01 3.069983600624986986e-01 3.606764382984573025e-01 3.430270988029930912e-01 2.499256950684339840e-01 8.867056794542371723e-02 -1.226293465647531056e-01 -3.571473481155927332e-01 -5.826660421328553330e-01 -7.657311284892740488e-01 -8.761126438893885870e-01 -8.910065241883680098e-01 -7.984318678144318726e-01 -5.993700647852351349e-01
-1.186660435468212649e+00 -1.349370064785235357e+00 -1.369000653835334536e+00 -1.251334075990376160e+00 -1.016816074439536921e+00 -6.976640437570554854e-01 -3.337132412275272686e-01 3.247930722416936256e-02 3.606764382984569695e-01 6.175461516413222052e-01 7.802557809583448023e-01 8.386705679454239393e-01 7.959293069789384889e-01 6.673717047227367694e-01 4.779941296469663592e-01 2.587879243490551207e-01 4.244600965430289641e-02 -1.410065241883678988e-01 -2.681017819245208322e-01 -3.248510119469061319e-01 -3.083404820555131209e-01 -2.268150231520478233e-01 -9.825742089584632577e-02 5.233595624294374443e-02 1.966168446623834665e-01 3.069983600624986986e-01 3.606764382984573025e-01 3.430270988029930912e-01 2.499256950684339840e-01 8.867056794542371723e-02 -1.226293465647531056e-01 -3.571473481155923446e-01 -5.826660421328542228e-01 -7.657311284892740488e-01 -8.761126438893885870e-01 -8.910065241883680098e-01
-4.878840762356082550e-01 -8.910065241883677878e-01 -1.186660435468212427e+00 -1.349370064785235135e+00 -1.369000653835334536e+00 -1.251334075990377270e+00 -1.016816074439536921e+00 -6.976640437570554854e-01 -3.337132412275272686e-01 3.247930722416936256e-02 3.606764382984569695e-01 6.175461516413218721e-01 7.802557809583443582e-01 8.386705679454239393e-01 7.959293069789384889e-01 6.673717047227373245e-01 4.779941296469670253e-01 2.587879243490551207e-01 4.244600965430289641e-02 -1.410065241883678988e-01 -2.681017819245208322e-01 -3.248510119469061319e-01 -3.083404820555135650e-01 -2.268150231520483784e-01 -9.825742089584632577e-02 5.233595624294374443e-02 1.966168446623834665e-01 3.069983600624986986e-01 3.606764382984573025e-01 3.430270988029930912e-01 2.499256950684339840e-01 8.867056794542471643e-02 -1.226293465647525505e-01 -3.571473481155923446e-01 -5.826660421328542228e-01 -7.657311284892740488e-01
4.779941296469658596e-01 -1.573112848927399332e-02 -4.878840762356082550e-01 -8.910065241883677878e-01 -1.186660435468212427e+00 -1.349370064785235135e+00 -1.369000653835335202e+00 -1.251334075990377270e+00 -1.016816074439536921e+00 -6.976640437570554854e-01 -3.337132412275272686e-01 3.247930722416914051e-02 3.606764382984567474e-01 6.175461516413218721e-01 7.802557809583443582e-01 8.386705679454236062e-01 7.959293069789388220e-01 6.673717047227373245e-01 4.779941296469670253e-01 2.587879243490551207e-01 4.244600965430289641e-02 -1.410065241883678988e-01 -2.681017819245204992e-01 -3.248510119469061319e-01 -3.083404820555135650e-01 -2.268150231520483784e-01 -9.825742089584632577e-02 5.233595624294374443e-02 1.966168446623834665e-01 3.069983600624986986e-01 3.606764382984573025e-01 3.430270988029932022e-01 2.499256950684344281e-01 8.867056794542471643e-02 -1.226293465647525505e-01 -3.571473481155923446e-01
1.326259392868847975e+00 9.418907575610644400e-01 4.779941296469654155e-01 -1.573112848927399332e-02 -4.878840762356102534e-01 -8.910065241883677878e-01 -1.186660435468212649e+00 -1.349370064785235357e+00 -1.369000653835334091e+00 -1.251334075990376160e+00 -1.016816074439537143e+00 -6.976640437570554854e-01 -3.337132412275271576e-01 3.247930722416947358e-02 3.606764382984580797e-01 6.175461516413222052e-01 7.802557809583448023e-01 8.386705679454239393e-01 7.959293069789380448e-01 6.673717047227361032e-01 4.779941296469658041e-01 2.587879243490545100e-01 4.244600965430289641e-02 -1.410065241883678988e-01 -2.681017819245208322e-01 -3.248510119469061319e-01 -3.083404820555131209e-01 -2.268150231520478233e-01 -9.825742089584571515e-02 5.233595624294424403e-02 1.966168446623838828e-01 3.069983600624986986e-01 3.606764382984573025e-01 3.430270988029930912e-01 2.499256950684339840e-01 8.867056794542371723e-02
1.698814434502035953e+00 1.588670567945422940e+00 1.326259392868847975e+00 9.418907575610646621e-01 4.779941296469654155e-01 -1.573112848927399332e-02 -4.878840762356082550e-01 -8.910065241883677878e-01 -1.186660435468212649e+00 -1.349370064785235357e+00 -1.369000653835334091e+00 -1.251334075990376160e+00 -1.016816074439536921e+00 -6.976640437570554854e-01 -3.337132412275271576e-01 3.247930722416936256e-02 3.606764382984569695e-01 6.175461516413222052e-01 7.802557809583448023e-01 8.386705679454239393e-01 7.959293069789380448e-01 6.673717047227361032e-01 4.779941296469670253e-01 2.587879243490551207e-01 4.244600965430289641e-02 -1.410065241883678988e-01 -2.681017819245208322e-01 -3.248510119469061319e-01 -3.083404820555131209e-01 -2.268150231520478233e-01 -9.825742089584571515e-02 5.233595624294374443e-02 1.966168446623834665e-01 3.069983600624986986e-01 3.606764382984573025e-01 3.430270988029930912e-01
1.421336610078278273e+00 1.642065204479651097e+00 1.698814434502035953e+00 1.588670567945424938e+00 1.326259392868847975e+00 9.418907575610646621e-01 4.779941296469658596e-01 -1.573112848927399332e-02 -4.878840762356082550e-01 -8.910065241883677878e-01 -1.186660435468212649e+00 -1.349370064785235135e+00 -1.369000653835334536e+00 -1.251334075990376160e+00 -1.016816074439536921e+00 -6.976640437570554854e-01 -3.337132412275272686e-01 3.247930722416936256e-02 3.606764382984569695e-01 6.175461516413222052e-01 7.802557809583448023e-01 8.386705679454239393e-01 7.959293069789388220e-01 6.673717047227373245e-01 4.779941296469670253e-01 2.587879243490551207e-01 4.244600965430289641e-02 -1.410065241883678988e-01 -2.681017819245208322e-01 -3.248510119469061319e-01 -3.083404820555131209e-01 -2.268150231520483784e-01 -9.825742089584632577e-02 5.233595624294374443e-02 1.966168446623834665e-01 3.069983600624986986e-01
5.848454123161648255e-01 1.056998360062499032e+00 1.421336610078278273e+00 1.642065204479650653e+00 1.698814434502035953e+00 1.588670567945424938e+00 1.326259392868851084e+00 9.418907575610646621e-01 4.779941296469658596e-01 -1.573112848927399332e-02 -4.878840762356082550e-01 -8.910065241883677878e-01 -1.186660435468212427e+00 -1.349370064785235135e+00 -1.369000653835334536e+00 -1.251334075990377270e+00 -1.016816074439536921e+00 -6.976640437570554854e-01 -3.337132412275272686e-01 3.247930722416936256e-02 3.606764382984569695e-01 6.175461516413222052e-01 7.802557809583444692e-01 8.386705679454236062e-01 7.959293069789388220e-01 6.673717047227373245e-01 4.779941296469670253e-01 2.587879243490551207e-01 4.244600965430289641e-02 -1.410065241883678988e-01 -2.681017819245208322e-01 -3.248510119469061319e-01 -3.083404820555135650e-01 -2.268150231520483784e-01 -9.825742089584632577e-02 5.233595624294374443e-02
-4.864859885496256586e-01 5.233595624294563181e-02 5.848454123161654916e-01 1.056998360062499476e+00 1.421336610078278273e+00 1.642065204479651097e+00 1.698814434502035953e+00 1.588670567945422940e+00 1.326259392868847975e+00 9.418907575610644400e-01 4.779941296469654155e-01 -1.573112848927399332e-02 -4.878840762356102534e-01 -8.910065241883692311e-01 -1.186660435468213315e+00 -1.349370064785235357e+00 -1.369000653835334091e+00 -1.251334075990376160e+00 -1.016816074439537143e+00 -6.976640437570554854e-01 -3.337132412275254367e-01 3.247930722417102789e-02 3.606764382984569695e-01 6.175461516413222052e-01 7.802557809583448023e-01 8.386705679454239393e-01 7.959293069789380448e-01 6.673717047227361032e-01 4.779941296469658041e-01 2.587879243490545100e-01 4.244600965430178618e-02 -1.410065241883678988e-01 -2.681017819245208322e-01 -3.248510119469061319e-01 -3.083404820555131209e-01 -2.268150231520478233e-01
-1.369000653835332981e+00 -9.768150231520463800e-01 -4.864859885496256586e-01 5.233595624294563181e-02 5.848454123161648255e-01 1.056998360062499032e+00 1.421336610078278273e+00 1.642065204479651097e+00 1.698814434502035953e+00 1.588670567945422940e+00 1.326259392868847975e+00 9.418907575610646621e-01 4.779941296469654155e-01 -1.573112848927399332e-02 -4.878840762356102534e-01 -8.910065241883677878e-01 -1.186660435468212649e+00 -1.349370064785235357e+00 -1.369000653835334091e+00 -1.251334075990376160e+00 -1.016816074439537143e+00 -6.976640437570554854e-01 -3.337132412275272686e-01 3.247930722416936256e-02 3.606764382984569695e-01 6.175461516413222052e-01 7.802557809583448023e-01 8.386705679454239393e-01 7.959293069789380448e-01 6.673717047227361032e-01 4.779941296469658041e-01 2.587879243490551207e-01 4.244600965430289641e-02 -1.410065241883678988e-01 -2.681017819245208322e-01 -3.248510119469061319e-01
-1.716990521358123356e+00 -1.623889117623563916e+00 -1.369000653835332981e+00 -9.768150231520463800e-01 -4.864859885496256586e-01 5.233595624294496568e-02 5.848454123161648255e-01 1.056998360062499032e+00 1.421336610078278273e+00 1.642065204479651097e+00 1.698814434502035953e+00 1.588670567945424938e+00 1.326259392868847975e+00 9.418907575610646621e-01 4.779941296469654155e-01 -1.573112848927399332e-02 -4.878840762356082550e-01 -8.910065241883677878e-01 -1.186660435468212649e+00 -1.349370064785235357e+00 -1.369000653835334091e+00 -1.251334075990376160e+00 -1.016816074439536921e+00 -6.976640437570554854e-01 -3.337132412275272686e-01 3.247930722416936256e-02 3.606764382984569695e-01 6.175461516413222052e-01 7.802557809583448023e-01 8.386705679454239393e-01 7.959293069789380448e-01 6.673717047227373245e-01 4.779941296469670253e-01 2.587879243490551207e-01 4.244600965430289641e-02 -1.410065241883678988e-01
