-2.122278195315959737e-01 -1.040596560003059778e-02 2.320208096133347109e-01 4.844714469776519872e-01 7.125656113820587612e-01 8.825383629607049807e-01 9.657388672146107744e-01 9.426414910921785406e-01 8.058476392372808661e-01 5.616721892483971246e-01 2.300758797101200015e-01 -1.570954927348623409e-01 -5.593967638561241351e-01 -9.322355254921484979e-01 -1.231982732677505910e+00 -1.421143636226049445e+00 -1.472971576982089248e+00 -1.374961923064171643e+00 -1.130786473075288123e+00 -7.604059656000308198e-01 -2.983092762765761630e-01 2.099523941393228732e-01 7.125656113820566517e-01 1.157057415799032540e+00 1.496068953104521038e+00 1.692641491092178319e+00 1.724406292780972461e+00 1.586191242086726350e+00 1.290736051489941527e+00 8.674235601034676613e-01 3.591618896875670153e-01 -1.822355254921455836e-01 -7.016526467875930928e-01 -1.146624583387719554e+00 -1.472971576982088138e+00 -1.649480975902500424e+00
-4.123114052022680553e-01 -3.504428702258423067e-01 -2.122278195315959737e-01 -1.040596560003059778e-02 2.320208096133347109e-01 4.844714469776519872e-01 7.125656113820587612e-01 8.825383629607049807e-01 9.657388672146107744e-01 9.426414910921785406e-01 8.058476392372805330e-01 5.616721892483975687e-01 2.300758797101200015e-01 -1.570954927348623409e-01 -5.593967638561241351e-01 -9.322355254921476098e-01 -1.231982732677506132e+00 -1.421143636226049223e+00 -1.472971576982089470e+00 -1.374961923064170977e+00 -1.130786473075287901e+00 -7.604059656000308198e-01 -2.983092762765783834e-01 2.099523941393228732e-01 7.125656113820566517e-01 1.157057415799033873e+00 1.496068953104521038e+00 1.692641491092178985e+00 1.724406292780972461e+00 1.586191242086725905e+00 1.290736051489941527e+00 8.674235601034681054e-01 3.591618896875670153e-01 -1.822355254921455836e-01 -7.016526467875946471e-01 -1.146624583387719554e+00
-3.134240791338143151e-01 -3.966245833877201088e-01 -4.123114052022680553e-01 -3.504428702258423067e-01 -2.122278195315959737e-01 -1.040596560003059778e-02 2.320208096133347109e-01 4.844714469776519872e-01 7.125656113820587612e-01 8.825383629607047586e-01 9.657388672146112185e-01 9.426414910921785406e-01 8.058476392372808661e-01 5.616721892483971246e-01 2.300758797101200015e-01 -1.570954927348623409e-01 -5.593967638561241351e-01 -9.322355254921484979e-01 -1.231982732677505910e+00 -1.421143636226049445e+00 -1.472971576982089026e+00 -1.374961923064170977e+00 -1.130786473075288123e+00 -7.604059656000308198e-01 -2.983092762765761630e-01 2.099523941393228732e-01 7.125656113820588722e-01 1.157057415799033873e+00 1.496068953104522592e+00 1.692641491092178985e+00 1.724406292780972461e+00 1.586191242086726350e+00 1.290736051489941527e+00 8.674235601034676613e-01 3.591618896875670153e-01 -1.822355254921479983e-01
-2.906667796621342781e-02 -1.822355254921486645e-01 -3.134240791338143151e-01 -3.966245833877201088e-01 -4.123114052022680553e-01 -3.504428702258423067e-01 -2.122278195315959737e-01 -1.040596560003059778e-02 2.320208096133347109e-01 4.844714469776519872e-01 7.125656113820590942e-01 8.825383629607049807e-01 9.657388672146107744e-01 9.426414910921785406e-01 8.058476392372805330e-01 5.616721892483975687e-01 2.300758797101200015e-01 -1.570954927348623409e-01 -5.593967638561241351e-01 -9.322355254921484979e-01 -1.231982732677505910e+00 -1.421143636226049445e+00 -1.472971576982089248e+00 -1.374961923064171643e+00 -1.130786473075288123e+00 -7.604059656000308198e-01 -2.983092762765761630e-01 2.099523941393228732e-01 7.125656113820588722e-01 1.157057415799033873e+00 1.496068953104522592e+00 1.692641491092178319e+00 1.724406292780972461e+00 1.586191242086726350e+00 1.290736051489941527e+00 8.674235601034676613e-01
2.300758797101198905e-01 1.174235601034666621e-01 -2.906667796621306699e-02 -1.822355254921479428e-01 -3.134240791338143151e-01 -3.966245833877203308e-01 -4.123114052022678333e-01 -3.504428702258423067e-01 -2.122278195315963067e-01 -1.040596560003059778e-02 2.320208096133347109e-01 4.844714469776516541e-01 7.125656113820584281e-01 8.825383629607049807e-01 9.657388672146107744e-01 9.426414910921786516e-01 8.058476392372809771e-01 5.616721892483975687e-01 2.300758797101200015e-01 -1.570954927348623409e-01 -5.593967638561241351e-01 -9.322355254921484979e-01 -1.231982732677505243e+00 -1.421143636226049445e+00 -1.472971576982089248e+00 -1.374961923064171643e+00 -1.130786473075288123e+00 -7.604059656000308198e-01 -2.983092762765761630e-01 2.099523941393228732e-01 7.125656113820588722e-01 1.157057415799032540e+00 1.496068953104521038e+00 1.692641491092178319e+00 1.724406292780972461e+00 1.586191242086726350e+00
2.755175533473701588e-01 2.871531364100682326e-01 2.300758797101198905e-01 1.174235601034669396e-01 -2.906667796621342781e-02 -1.822355254921486645e-01 -3.134240791338141485e-01 -3.966245833877201088e-01 -4.123114052022680553e-01 -3.504428702258421957e-01 -2.122278195315959737e-01 -1.040596560003059778e-02 2.320208096133347109e-01 4.844714469776519872e-01 7.125656113820590942e-01 8.825383629607049807e-01 9.657388672146107744e-01 9.426414910921785406e-01 8.058476392372805330e-01 5.616721892483971246e-01 2.300758797101192243e-01 -1.570954927348633401e-01 -5.593967638561235800e-01 -9.322355254921476098e-01 -1.231982732677506132e+00 -1.421143636226049223e+00 -1.472971576982089470e+00 -1.374961923064170977e+00 -1.130786473075287901e+00 -7.604059656000308198e-01 -2.983092762765741091e-01 2.099523941393228732e-01 7.125656113820566517e-01 1.157057415799033873e+00 1.496068953104521038e+00 1.692641491092178985e+00
4.718021367091906892e-02 1.926414910921784296e-01 2.755175533473700478e-01 2.871531364100682326e-01 2.300758797101198905e-01 1.174235601034666621e-01 -2.906667796621359434e-02 -1.822355254921479428e-01 -3.134240791338143151e-01 -3.966245833877201088e-01 -4.123114052022680553e-01 -3.504428702258423067e-01 -2.122278195315963067e-01 -1.040596560003059778e-02 2.320208096133347109e-01 4.844714469776516541e-01 7.125656113820584281e-01 8.825383629607049807e-01 9.657388672146107744e-01 9.426414910921785406e-01 8.058476392372805330e-01 5.616721892483971246e-01 2.300758797101207787e-01 -1.570954927348618413e-01 -5.593967638561235800e-01 -9.322355254921476098e-01 -1.231982732677506132e+00 -1.421143636226049223e+00 -1.472971576982089470e+00 -1.374961923064170977e+00 -1.130786473075287901e+00 -7.604059656000320411e-01 -2.983092762765783834e-01 2.099523941393228732e-01 7.125656113820566517e-01 1.157057415799033873e+00
-3.480945603977620983e-01 -1.419806898776242443e-01 4.718021367091906892e-02 1.926414910921784296e-01 2.755175533473701588e-01 2.871531364100682326e-01 2.300758797101201125e-01 1.174235601034669396e-01 -2.906667796621342781e-02 -1.822355254921483314e-01 -3.134240791338139820e-01 -3.966245833877201088e-01 -4.123114052022680553e-01 -3.504428702258421957e-01 -2.122278195315959737e-01 -1.040596560003059778e-02 2.320208096133347109e-01 4.844714469776519872e-01 7.125656113820590942e-01 8.825383629607049807e-01 9.657388672146109965e-01 9.426414910921783186e-01 8.058476392372809771e-01 5.616721892483975687e-01 2.300758797101200015e-01 -1.570954927348623409e-01 -5.593967638561241351e-01 -9.322355254921484979e-01 -1.231982732677505910e+00 -1.421143636226049445e+00 -1.472971576982089026e+00 -1.374961923064171643e+00 -1.130786473075288123e+00 -7.604059656000308198e-01 -2.983092762765761630e-01 2.099523941393228732e-01
-6.865378439303556624e-01 -5.400476058606762386e-01 -3.480945603977618763e-01 -1.419806898776241333e-01 4.718021367091906892e-02 1.926414910921784296e-01 2.755175533473700478e-01 2.871531364100682326e-01 2.300758797101198905e-01 1.174235601034669396e-01 -2.906667796621342781e-02 -1.822355254921479428e-01 -3.134240791338143151e-01 -3.966245833877201088e-01 -4.123114052022680553e-01 -3.504428702258423067e-01 -2.122278195315963067e-01 -1.040596560003059778e-02 2.320208096133347109e-01 4.844714469776519872e-01 7.125656113820590942e-01 8.825383629607049807e-01 9.657388672146107744e-01 9.426414910921786516e-01 8.058476392372809771e-01 5.616721892483975687e-01 2.300758797101200015e-01 -1.570954927348623409e-01 -5.593967638561241351e-01 -9.322355254921484979e-01 -1.231982732677505910e+00 -1.421143636226049445e+00 -1.472971576982089248e+00 -1.374961923064171643e+00 -1.130786473075288123e+00 -7.604059656000308198e-01
-7.425579054215075692e-01 -7.604059656000304868e-01 -6.865378439303572167e-01 -5.400476058606773488e-01 -3.480945603977618763e-01 -1.419806898776238002e-01 4.718021367091917995e-02 1.926414910921784296e-01 2.755175533473700478e-01 2.871531364100682326e-01 2.300758797101198905e-01 1.174235601034666621e-01 -2.906667796621306699e-02 -1.822355254921479428e-01 -3.134240791338143151e-01 -3.966245833877204419e-01 -4.123114052022679443e-01 -3.504428702258423067e-01 -2.122278195315963067e-01 -1.040596560003059778e-02 2.320208096133347109e-01 4.844714469776519872e-01 7.125656113820578730e-01 8.825383629607044256e-01 9.657388672146107744e-01 9.426414910921786516e-01 8.058476392372809771e-01 5.616721892483975687e-01 2.300758797101200015e-01 -1.570954927348623409e-01 -5.593967638561241351e-01 -9.322355254921467216e-01 -1.231982732677505243e+00 -1.421143636226049445e+00 -1.472971576982089248e+00 -1.374961923064171643e+00
-4.123114052022680553e-01 -6.249619230641711987e-01 -7.425579054215075692e-01 -7.604059656000304868e-01 -6.865378439303572167e-01 -5.400476058606773488e-01 -3.480945603977632086e-01 -1.419806898776238002e-01 4.718021367091917995e-02 1.926414910921784296e-01 2.755175533473700478e-01 2.871531364100685657e-01 2.300758797101202235e-01 1.174235601034666621e-01 -2.906667796621306699e-02 -1.822355254921474155e-01 -3.134240791338139820e-01 -3.966245833877204419e-01 -4.123114052022679443e-01 -3.504428702258423067e-01 -2.122278195315963067e-01 -1.040596560003059778e-02 2.320208096133336562e-01 4.844714469776509325e-01 7.125656113820578730e-01 8.825383629607044256e-01 9.657388672146107744e-01 9.426414910921786516e-01 8.058476392372809771e-01 5.616721892483975687e-01 2.300758797101200015e-01 -1.570954927348608421e-01 -5.593967638561225808e-01 -9.322355254921467216e-01 -1.231982732677505243e+00 -1.421143636226049445e+00
2.169060067560959482e-01 -1.221055305493916610e-01 -4.123114052022690545e-01 -6.249619230641711987e-01 -7.425579054215070141e-01 -7.604059656000304868e-01 -6.865378439303556624e-01 -5.400476058606762386e-01 -3.480945603977620983e-01 -1.419806898776242443e-01 4.718021367091895790e-02 1.926414910921784296e-01 2.755175533473701588e-01 2.871531364100683437e-01 2.300758797101195574e-01 1.174235601034669396e-01 -2.906667796621342781e-02 -1.822355254921483314e-01 -3.134240791338139820e-01 -3.966245833877204419e-01 -4.123114052022679443e-01 -3.504428702258420847e-01 -2.122278195315963067e-01 -1.040596560003059778e-02 2.320208096133347109e-01 4.844714469776519872e-01 7.125656113820590942e-01 8.825383629607049807e-01 9.657388672146109965e-01 9.426414910921783186e-01 8.058476392372802000e-01 5.616721892483975687e-01 2.300758797101200015e-01 -1.570954927348623409e-01 -5.593967638561241351e-01 -9.322355254921484979e-01
8.894919755774770564e-01 5.677644745078510580e-01 2.169060067560959482e-01 -1.221055305493913279e-01 -4.123114052022690545e-01 -6.249619230641711987e-01 -7.425579054215075692e-01 -7.604059656000304868e-01 -6.865378439303556624e-01 -5.400476058606762386e-01 -3.480945603977620983e-01 -1.419806898776241333e-01 4.718021367091906892e-02 1.926414910921784296e-01 2.755175533473701588e-01 2.871531364100682326e-01 2.300758797101198905e-01 1.174235601034669396e-01 -2.906667796621342781e-02 -1.822355254921483314e-01 -3.134240791338139820e-01 -3.966245833877204419e-01 -4.123114052022679443e-01 -3.504428702258423067e-01 -2.122278195315963067e-01 -1.040596560003059778e-02 2.320208096133347109e-01 4.844714469776519872e-01 7.125656113820590942e-01 8.825383629607049807e-01 9.657388672146109965e-01 9.426414910921786516e-01 8.058476392372809771e-01 5.616721892483975687e-01 2.300758797101200015e-01 -1.570954927348623409e-01
1.290736051489941083e+00 1.141942612941795554e+00 8.894919755774770564e-01 5.677644745078528343e-01 2.169060067560959482e-01 -1.221055305493913279e-01 -4.123114052022680553e-01 -6.249619230641711987e-01 -7.425579054215075692e-01 -7.604059656000304868e-01 -6.865378439303556624e-01 -5.400476058606773488e-01 -3.480945603977618763e-01 -1.419806898776241333e-01 4.718021367091906892e-02 1.926414910921784296e-01 2.755175533473700478e-01 2.871531364100682326e-01 2.300758797101198905e-01 1.174235601034669396e-01 -2.906667796621342781e-02 -1.822355254921483314e-01 -3.134240791338139820e-01 -3.966245833877204419e-01 -4.123114052022679443e-01 -3.504428702258423067e-01 -2.122278195315963067e-01 -1.040596560003059778e-02 2.320208096133347109e-01 4.844714469776519872e-01 7.125656113820590942e-01 8.825383629607044256e-01 9.657388672146107744e-01 9.426414910921786516e-01 8.058476392372809771e-01 5.616721892483975687e-01
1.194076206891061975e+00 1.311672189248397569e+00 1.290736051489941083e+00 1.141942612941795110e+00 8.894919755774770564e-01 5.677644745078528343e-01 2.169060067560976135e-01 -1.221055305493913279e-01 -4.123114052022680553e-01 -6.249619230641711987e-01 -7.425579054215075692e-01 -7.604059656000304868e-01 -6.865378439303572167e-01 -5.400476058606773488e-01 -3.480945603977618763e-01 -1.419806898776238002e-01 4.718021367091917995e-02 1.926414910921784296e-01 2.755175533473700478e-01 2.871531364100682326e-01 2.300758797101198905e-01 1.174235601034669396e-01 -2.906667796621337230e-02 -1.822355254921474155e-01 -3.134240791338139820e-01 -3.966245833877204419e-01 -4.123114052022679443e-01 -3.504428702258423067e-01 -2.122278195315963067e-01 -1.040596560003059778e-02 2.320208096133347109e-01 4.844714469776509325e-01 7.125656113820578730e-01 8.825383629607044256e-01 9.657388672146107744e-01 9.426414910921786516e-01
5.775102995608315526e-01 9.426414910921799839e-01 1.194076206891062419e+00 1.311672189248398013e+00 1.290736051489941083e+00 1.141942612941795554e+00 8.894919755774770564e-01 5.677644745078510580e-01 2.169060067560959482e-01 -1.221055305493916610e-01 -4.123114052022690545e-01 -6.249619230641711987e-01 -7.425579054215070141e-01 -7.604059656000300427e-01 -6.865378439303563285e-01 -5.400476058606762386e-01 -3.480945603977620983e-01 -1.419806898776242443e-01 4.718021367091895790e-02 1.926414910921790957e-01 2.755175533473702698e-01 2.871531364100682326e-01 2.300758797101198905e-01 1.174235601034669396e-01 -2.906667796621342781e-02 -1.822355254921483314e-01 -3.134240791338139820e-01 -3.966245833877204419e-01 -4.123114052022679443e-01 -3.504428702258420847e-01 -2.122278195315955296e-01 -1.040596560003059778e-02 2.320208096133347109e-01 4.844714469776519872e-01 7.125656113820590942e-01 8.825383629607049807e-01
-3.480945603977609881e-01 1.325383629607057578e-01 5.775102995608315526e-01 9.426414910921799839e-01 1.194076206891061975e+00 1.311672189248397569e+00 1.290736051489941083e+00 1.141942612941795554e+00 8.894919755774770564e-01 5.677644745078510580e-01 2.169060067560959482e-01 -1.221055305493913279e-01 -4.123114052022690545e-01 -6.249619230641711987e-01 -7.425579054215070141e-01 -7.604059656000304868e-01 -6.865378439303556624e-01 -5.400476058606762386e-01 -3.480945603977620983e-01 -1.419806898776242443e-01 4.718021367091895790e-02 1.926414910921790957e-01 2.755175533473700478e-01 2.871531364100682326e-01 2.300758797101198905e-01 1.174235601034669396e-01 -2.906667796621342781e-02 -1.822355254921483314e-01 -3.134240791338139820e-01 -3.966245833877204419e-01 -4.123114052022679443e-01 -3.504428702258423067e-01 -2.122278195315963067e-01 -1.040596560003059778e-02 2.320208096133347109e-01 4.844714469776519872e-01
-1.216867929820266259e+00 -8.145666586990047975e-01 -3.480945603977609881e-01 1.325383629607057578e-01 5.775102995608304424e-01 9.426414910921787627e-01 1.194076206891061975e+00 1.311672189248397569e+00 1.290736051489941083e+00 1.141942612941795554e+00 8.894919755774770564e-01 5.677644745078528343e-01 2.169060067560959482e-01 -1.221055305493913279e-01 -4.123114052022690545e-01 -6.249619230641711987e-01 -7.425579054215075692e-01 -7.604059656000304868e-01 -6.865378439303556624e-01 -5.400476058606762386e-01 -3.480945603977620983e-01 -1.419806898776242443e-01 4.718021367091917995e-02 1.926414910921784296e-01 2.755175533473700478e-01 2.871531364100682326e-01 2.300758797101198905e-01 1.174235601034669396e-01 -2.906667796621342781e-02 -1.822355254921483314e-01 -3.134240791338139820e-01 -3.966245833877204419e-01 -4.123114052022679443e-01 -3.504428702258423067e-01 -2.122278195315963067e-01 -1.040596560003059778e-02
