1.147062631457500759e+00 1.457106781186547462e+00 1.630752156753451310e+00 1.645713750930074548e+00 1.496255912178978686e+00 1.194152044288991910e+00 7.676907201779366030e-01 2.588190451025209615e-01 -2.812700265745485262e-01 -7.976182617406999409e-01 -1.237436867076457947e+00 -1.555826839874979051e+00 -1.720639067808546807e+00 -1.715925826289068201e+00 -1.543596414005792727e+00 -1.223095489189375495e+00 -7.891491309924323350e-01 -2.878442572523424170e-01 2.285039779138084148e-01 7.071067811865473507e-01 1.100422070863540380e+00 1.371194698091745767e+00 1.496255912178978686e+00 1.468671097127321135e+00 1.298020806067847532e+00 1.008819045102521628e+00 6.372886269691443450e-01 2.269007910976294506e-01 -1.767766952966366434e-01 -5.313077870366492705e-01 -8.020804142648549906e-01 -9.659258262890675351e-01 -1.013266328115882464e+00 -9.485764363510467145e-01 -7.891491309924325570e-01 -5.623633100906731963e-01
2.715110407873903564e-01 7.366747955859871411e-01 1.147062631457500759e+00 1.457106781186547462e+00 1.630752156753451310e+00 1.645713750930074548e+00 1.496255912178978686e+00 1.194152044288991910e+00 7.676907201779366030e-01 2.588190451025203509e-01 -2.812700265745493033e-01 -7.976182617406992748e-01 -1.237436867076457947e+00 -1.555826839874979051e+00 -1.720639067808546807e+00 -1.715925826289068423e+00 -1.543596414005792949e+00 -1.223095489189375495e+00 -7.891491309924312247e-01 -2.878442572523408627e-01 2.285039779138091920e-01 7.071067811865473507e-01 1.100422070863539048e+00 1.371194698091745767e+00 1.496255912178978686e+00 1.468671097127320913e+00 1.298020806067847532e+00 1.008819045102519851e+00 6.372886269691443450e-01 2.269007910976290066e-01 -1.767766952966366434e-01 -5.313077870366488265e-01 -8.020804142648549906e-01 -9.659258262890675351e-01 -1.013266328115882464e+00 -9.485764363510467145e-01
-6.250377604621010219e-01 -1.985764363510460484e-01 2.715110407873903564e-01 7.366747955859871411e-01 1.147062631457501203e+00 1.457106781186547462e+00 1.630752156753451310e+00 1.645713750930074548e+00 1.496255912178978686e+00 1.194152044288991465e+00 7.676907201779361589e-01 2.588190451025209615e-01 -2.812700265745485262e-01 -7.976182617406999409e-01 -1.237436867076457947e+00 -1.555826839874979051e+00 -1.720639067808546807e+00 -1.715925826289068201e+00 -1.543596414005792727e+00 -1.223095489189374385e+00 -7.891491309924300035e-01 -2.878442572523408627e-01 2.285039779138084148e-01 7.071067811865473507e-01 1.100422070863540380e+00 1.371194698091745767e+00 1.496255912178978686e+00 1.468671097127320913e+00 1.298020806067846200e+00 1.008819045102519851e+00 6.372886269691424577e-01 2.269007910976294506e-01 -1.767766952966366434e-01 -5.313077870366492705e-01 -8.020804142648549906e-01 -9.659258262890682012e-01
-1.190308981918635878e+00 -9.659258262890683122e-01 -6.250377604621010219e-01 -1.985764363510460484e-01 2.715110407873903564e-01 7.366747955859871411e-01 1.147062631457501203e+00 1.457106781186547462e+00 1.630752156753451310e+00 1.645713750930074548e+00 1.496255912178978686e+00 1.194152044288991910e+00 7.676907201779366030e-01 2.588190451025203509e-01 -2.812700265745493033e-01 -7.976182617406992748e-01 -1.237436867076457947e+00 -1.555826839874979051e+00 -1.720639067808546807e+00 -1.715925826289068201e+00 -1.543596414005792727e+00 -1.223095489189374385e+00 -7.891491309924323350e-01 -2.878442572523424170e-01 2.285039779138084148e-01 7.071067811865473507e-01 1.100422070863540380e+00 1.371194698091745767e+00 1.496255912178978686e+00 1.468671097127320913e+00 1.298020806067846200e+00 1.008819045102521628e+00 6.372886269691443450e-01 2.269007910976294506e-01 -1.767766952966366434e-01 -5.313077870366492705e-01
-1.237436867076458391e+00 -1.281307787036650048e+00 -1.190308981918636322e+00 -9.659258262890684232e-01 -6.250377604621010219e-01 -1.985764363510462704e-01 2.715110407873898013e-01 7.366747955859871411e-01 1.147062631457500759e+00 1.457106781186547462e+00 1.630752156753451310e+00 1.645713750930074770e+00 1.496255912178979131e+00 1.194152044288991910e+00 7.676907201779366030e-01 2.588190451025217387e-01 -2.812700265745483597e-01 -7.976182617406992748e-01 -1.237436867076457947e+00 -1.555826839874979051e+00 -1.720639067808546807e+00 -1.715925826289068201e+00 -1.543596414005793616e+00 -1.223095489189375495e+00 -7.891491309924323350e-01 -2.878442572523424170e-01 2.285039779138084148e-01 7.071067811865473507e-01 1.100422070863540380e+00 1.371194698091745767e+00 1.496255912178978686e+00 1.468671097127321135e+00 1.298020806067847532e+00 1.008819045102521628e+00 6.372886269691443450e-01 2.269007910976294506e-01
-8.116001124644595111e-01 -1.072137314579028278e+00 -1.237436867076458391e+00 -1.281307787036650048e+00 -1.190308981918635878e+00 -9.659258262890683122e-01 -6.250377604621009109e-01 -1.985764363510460484e-01 2.715110407873903564e-01 7.366747955859878072e-01 1.147062631457501203e+00 1.457106781186547462e+00 1.630752156753451310e+00 1.645713750930074548e+00 1.496255912178978686e+00 1.194152044288991910e+00 7.676907201779366030e-01 2.588190451025203509e-01 -2.812700265745493033e-01 -7.976182617406999409e-01 -1.237436867076458835e+00 -1.555826839874979495e+00 -1.720639067808546585e+00 -1.715925826289068423e+00 -1.543596414005792949e+00 -1.223095489189375495e+00 -7.891491309924312247e-01 -2.878442572523408627e-01 2.285039779138091920e-01 7.071067811865473507e-01 1.100422070863541935e+00 1.371194698091745767e+00 1.496255912178978686e+00 1.468671097127320913e+00 1.298020806067847532e+00 1.008819045102519851e+00
-1.508679333657552135e-01 -4.911809548974789275e-01 -8.116001124644596221e-01 -1.072137314579028278e+00 -1.237436867076458391e+00 -1.281307787036650048e+00 -1.190308981918636100e+00 -9.659258262890684232e-01 -6.250377604621010219e-01 -1.985764363510460484e-01 2.715110407873903564e-01 7.366747955859871411e-01 1.147062631457500759e+00 1.457106781186547462e+00 1.630752156753451310e+00 1.645713750930074770e+00 1.496255912178979131e+00 1.194152044288991910e+00 7.676907201779366030e-01 2.588190451025203509e-01 -2.812700265745493033e-01 -7.976182617406999409e-01 -1.237436867076457281e+00 -1.555826839874978607e+00 -1.720639067808546585e+00 -1.715925826289068423e+00 -1.543596414005792949e+00 -1.223095489189375495e+00 -7.891491309924312247e-01 -2.878442572523408627e-01 2.285039779138091920e-01 7.071067811865460184e-01 1.100422070863539048e+00 1.371194698091745767e+00 1.496255912178978686e+00 1.468671097127320913e+00
4.355957403991571608e-01 1.696329914506623515e-01 -1.508679333657552135e-01 -4.911809548974797601e-01 -8.116001124644595111e-01 -1.072137314579028278e+00 -1.237436867076458835e+00 -1.281307787036650048e+00 -1.190308981918635878e+00 -9.659258262890677571e-01 -6.250377604621001337e-01 -1.985764363510460484e-01 2.715110407873903564e-01 7.366747955859878072e-01 1.147062631457501203e+00 1.457106781186547462e+00 1.630752156753451310e+00 1.645713750930074548e+00 1.496255912178978686e+00 1.194152044288991021e+00 7.676907201779357148e-01 2.588190451025195737e-01 -2.812700265745483597e-01 -7.976182617406992748e-01 -1.237436867076457947e+00 -1.555826839874979051e+00 -1.720639067808546807e+00 -1.715925826289068201e+00 -1.543596414005792727e+00 -1.223095489189374385e+00 -7.891491309924300035e-01 -2.878442572523424170e-01 2.285039779138084148e-01 7.071067811865473507e-01 1.100422070863540380e+00 1.371194698091745767e+00
7.121935032097598262e-01 6.211946980917452121e-01 4.355957403991576049e-01 1.696329914506624625e-01 -1.508679333657552135e-01 -4.911809548974789275e-01 -8.116001124644596221e-01 -1.072137314579028278e+00 -1.237436867076458391e+00 -1.281307787036650048e+00 -1.190308981918635878e+00 -9.659258262890684232e-01 -6.250377604621010219e-01 -1.985764363510460484e-01 2.715110407873903564e-01 7.366747955859871411e-01 1.147062631457500759e+00 1.457106781186547462e+00 1.630752156753451310e+00 1.645713750930074548e+00 1.496255912178978686e+00 1.194152044288991021e+00 7.676907201779374912e-01 2.588190451025217387e-01 -2.812700265745483597e-01 -7.976182617406992748e-01 -1.237436867076457947e+00 -1.555826839874979051e+00 -1.720639067808546807e+00 -1.715925826289068201e+00 -1.543596414005792727e+00 -1.223095489189375495e+00 -7.891491309924323350e-01 -2.878442572523424170e-01 2.285039779138084148e-01 7.071067811865473507e-01
6.167325455675896073e-01 7.071067811865483499e-01 7.121935032097598262e-01 6.211946980917457672e-01 4.355957403991576049e-01 1.696329914506632397e-01 -1.508679333657551025e-01 -4.911809548974789275e-01 -8.116001124644596221e-01 -1.072137314579028278e+00 -1.237436867076458391e+00 -1.281307787036650048e+00 -1.190308981918636322e+00 -9.659258262890684232e-01 -6.250377604621010219e-01 -1.985764363510467145e-01 2.715110407873893017e-01 7.366747955859871411e-01 1.147062631457500759e+00 1.457106781186547462e+00 1.630752156753451310e+00 1.645713750930074548e+00 1.496255912178979575e+00 1.194152044288992354e+00 7.676907201779374912e-01 2.588190451025217387e-01 -2.812700265745483597e-01 -7.976182617406992748e-01 -1.237436867076457947e+00 -1.555826839874979051e+00 -1.720639067808546807e+00 -1.715925826289068645e+00 -1.543596414005793616e+00 -1.223095489189375495e+00 -7.891491309924323350e-01 -2.878442572523424170e-01
2.715110407873886356e-01 4.621557427476585822e-01 6.167325455675896073e-01 7.071067811865483499e-01 7.121935032097598262e-01 6.211946980917457672e-01 4.355957403991582710e-01 1.696329914506632397e-01 -1.508679333657551025e-01 -4.911809548974789275e-01 -8.116001124644596221e-01 -1.072137314579028500e+00 -1.237436867076457947e+00 -1.281307787036650048e+00 -1.190308981918636322e+00 -9.659258262890687563e-01 -6.250377604621019101e-01 -1.985764363510467145e-01 2.715110407873893017e-01 7.366747955859871411e-01 1.147062631457500759e+00 1.457106781186547462e+00 1.630752156753450866e+00 1.645713750930074770e+00 1.496255912178979575e+00 1.194152044288992354e+00 7.676907201779374912e-01 2.588190451025217387e-01 -2.812700265745483597e-01 -7.976182617406992748e-01 -1.237436867076457947e+00 -1.555826839874978162e+00 -1.720639067808546585e+00 -1.715925826289068645e+00 -1.543596414005793616e+00 -1.223095489189375495e+00
-9.470767457219086971e-02 7.594261648728362069e-02 2.715110407873916332e-01 4.621557427476585822e-01 6.167325455675904955e-01 7.071067811865483499e-01 7.121935032097598262e-01 6.211946980917452121e-01 4.355957403991571608e-01 1.696329914506623515e-01 -1.508679333657561017e-01 -4.911809548974797601e-01 -8.116001124644595111e-01 -1.072137314579028944e+00 -1.237436867076458835e+00 -1.281307787036650048e+00 -1.190308981918635878e+00 -9.659258262890677571e-01 -6.250377604621001337e-01 -1.985764363510450492e-01 2.715110407873915777e-01 7.366747955859886954e-01 1.147062631457500759e+00 1.457106781186547462e+00 1.630752156753451310e+00 1.645713750930074548e+00 1.496255912178978686e+00 1.194152044288991021e+00 7.676907201779357148e-01 2.588190451025195737e-01 -2.812700265745505246e-01 -7.976182617406992748e-01 -1.237436867076457947e+00 -1.555826839874979051e+00 -1.720639067808546807e+00 -1.715925826289068201e+00
-2.717503283749442833e-01 -2.159258262890682012e-01 -9.470767457219086971e-02 7.594261648728239944e-02 2.715110407873916332e-01 4.621557427476585822e-01 6.167325455675896073e-01 7.071067811865483499e-01 7.121935032097598262e-01 6.211946980917452121e-01 4.355957403991571608e-01 1.696329914506624625e-01 -1.508679333657552135e-01 -4.911809548974797601e-01 -8.116001124644595111e-01 -1.072137314579028278e+00 -1.237436867076458391e+00 -1.281307787036650048e+00 -1.190308981918635878e+00 -9.659258262890677571e-01 -6.250377604621001337e-01 -1.985764363510450492e-01 2.715110407873893017e-01 7.366747955859871411e-01 1.147062631457500759e+00 1.457106781186547462e+00 1.630752156753451310e+00 1.645713750930074548e+00 1.496255912178978686e+00 1.194152044288991021e+00 7.676907201779357148e-01 2.588190451025217387e-01 -2.812700265745483597e-01 -7.976182617406992748e-01 -1.237436867076457947e+00 -1.555826839874979051e+00
-1.767766952966377536e-01 -2.567887341983213778e-01 -2.717503283749442833e-01 -2.159258262890682012e-01 -9.470767457219086971e-02 7.594261648728239944e-02 2.715110407873886356e-01 4.621557427476585822e-01 6.167325455675896073e-01 7.071067811865483499e-01 7.121935032097598262e-01 6.211946980917457672e-01 4.355957403991576049e-01 1.696329914506624625e-01 -1.508679333657552135e-01 -4.911809548974789275e-01 -8.116001124644596221e-01 -1.072137314579028278e+00 -1.237436867076458391e+00 -1.281307787036650048e+00 -1.190308981918635878e+00 -9.659258262890677571e-01 -6.250377604621019101e-01 -1.985764363510467145e-01 2.715110407873893017e-01 7.366747955859871411e-01 1.147062631457500759e+00 1.457106781186547462e+00 1.630752156753451310e+00 1.645713750930074548e+00 1.496255912178978686e+00 1.194152044288992354e+00 7.676907201779374912e-01 2.588190451025217387e-01 -2.812700265745483597e-01 -7.976182617406992748e-01
1.069585410792337626e-01 -4.761826174070060702e-02 -1.767766952966377536e-01 -2.567887341983218219e-01 -2.717503283749442833e-01 -2.159258262890682012e-01 -9.470767457219064767e-02 7.594261648728239944e-02 2.715110407873886356e-01 4.621557427476585822e-01 6.167325455675896073e-01 7.071067811865483499e-01 7.121935032097598262e-01 6.211946980917457672e-01 4.355957403991576049e-01 1.696329914506632397e-01 -1.508679333657551025e-01 -4.911809548974789275e-01 -8.116001124644596221e-01 -1.072137314579028278e+00 -1.237436867076458391e+00 -1.281307787036650048e+00 -1.190308981918636544e+00 -9.659258262890687563e-01 -6.250377604621019101e-01 -1.985764363510467145e-01 2.715110407873893017e-01 7.366747955859871411e-01 1.147062631457500759e+00 1.457106781186547462e+00 1.630752156753451310e+00 1.645713750930074770e+00 1.496255912178979575e+00 1.194152044288992354e+00 7.676907201779374912e-01 2.588190451025217387e-01
3.794621525241534954e-01 2.588190451025191852e-01 1.069585410792308899e-01 -4.761826174070016293e-02 -1.767766952966377536e-01 -2.567887341983213778e-01 -2.717503283749442833e-01 -2.159258262890682012e-01 -9.470767457219086971e-02 7.594261648728362069e-02 2.715110407873916332e-01 4.621557427476585822e-01 6.167325455675904955e-01 7.071067811865476838e-01 7.121935032097591600e-01 6.211946980917452121e-01 4.355957403991571608e-01 1.696329914506623515e-01 -1.508679333657561017e-01 -4.911809548974806483e-01 -8.116001124644611764e-01 -1.072137314579029610e+00 -1.237436867076458391e+00 -1.281307787036650048e+00 -1.190308981918635878e+00 -9.659258262890677571e-01 -6.250377604621001337e-01 -1.985764363510450492e-01 2.715110407873915777e-01 7.366747955859886954e-01 1.147062631457502091e+00 1.457106781186547462e+00 1.630752156753451310e+00 1.645713750930074548e+00 1.496255912178978686e+00 1.194152044288991021e+00
4.355957403991581600e-01 4.441520442889924647e-01 3.794621525241534954e-01 2.588190451025191852e-01 1.069585410792337626e-01 -4.761826174070060702e-02 -1.767766952966377536e-01 -2.567887341983213778e-01 -2.717503283749442833e-01 -2.159258262890682012e-01 -9.470767457219086971e-02 7.594261648728239944e-02 2.715110407873916332e-01 4.621557427476585822e-01 6.167325455675904955e-01 7.071067811865483499e-01 7.121935032097598262e-01 6.211946980917452121e-01 4.355957403991571608e-01 1.696329914506623515e-01 -1.508679333657561017e-01 -4.911809548974806483e-01 -8.116001124644596221e-01 -1.072137314579028278e+00 -1.237436867076458391e+00 -1.281307787036650048e+00 -1.190308981918635878e+00 -9.659258262890677571e-01 -6.250377604621001337e-01 -1.985764363510450492e-01 2.715110407873915777e-01 7.366747955859871411e-01 1.147062631457500759e+00 1.457106781186547462e+00 1.630752156753451310e+00 1.645713750930074548e+00
1.818634173198491188e-01 3.466756452534164312e-01 4.355957403991581600e-01 4.441520442889924647e-01 3.794621525241564930e-01 2.588190451025219052e-01 1.069585410792337626e-01 -4.761826174070060702e-02 -1.767766952966377536e-01 -2.567887341983213778e-01 -2.717503283749442833e-01 -2.159258262890682012e-01 -9.470767457219086971e-02 7.594261648728239944e-02 2.715110407873916332e-01 4.621557427476585822e-01 6.167325455675896073e-01 7.071067811865483499e-01 7.121935032097598262e-01 6.211946980917452121e-01 4.355957403991571608e-01 1.696329914506623515e-01 -1.508679333657551025e-01 -4.911809548974789275e-01 -8.116001124644596221e-01 -1.072137314579028278e+00 -1.237436867076458391e+00 -1.281307787036650048e+00 -1.190308981918635878e+00 -9.659258262890677571e-01 -6.250377604621001337e-01 -1.985764363510467145e-01 2.715110407873893017e-01 7.366747955859871411e-01 1.147062631457500759e+00 1.457106781186547462e+00
