4.572059936385444723e-01 8.284590957278450407e-01 1.139137612373040565e+00 1.350428317138180123e+00 1.432915370239771224e+00 1.370396198367179075e+00 1.162261924204998298e+00 8.241261886220156985e-01 3.865886718840493286e-01 -1.077616239217436545e-01 -6.087891816177555260e-01 -1.064212295494568083e+00 -1.425353634016652160e+00 -1.652585284349860739e+00 -1.719840568083979893e+00 -1.617666693216436968e+00 -1.354456274511926850e+00 -9.557029557109402162e-01 -4.613526599051479549e-01 7.845909572784467989e-02 6.088075264831296352e-01 1.075909264299851120e+00 1.432915370239770336e+00 1.644915251205507412e+00 1.692592010094908783e+00 1.574126188622015921e+00 1.305147325427741700e+00 9.167574289165852930e-01 4.518709901620655556e-01 -3.969324265623841441e-02 -5.067949804729612318e-01 -9.025852843498592959e-01 -1.189510482194068741e+00 -1.343147640378107077e+00 -1.354456274511925962e+00 -1.230222008549269663e+00
-2.937961027321049912e-01 6.881609712738923079e-02 4.572059936385444723e-01 8.284590957278450407e-01 1.139137612373040565e+00 1.350428317138180123e+00 1.432915370239771224e+00 1.370396198367179075e+00 1.162261924204998298e+00 8.241261886220153654e-01 3.865886718840486624e-01 -1.077616239217429883e-01 -6.087891816177555260e-01 -1.064212295494568083e+00 -1.425353634016652160e+00 -1.652585284349860517e+00 -1.719840568083980115e+00 -1.617666693216436968e+00 -1.354456274511926184e+00 -9.557029557109388840e-01 -4.613526599051470667e-01 7.845909572784467989e-02 6.088075264831273037e-01 1.075909264299851120e+00 1.432915370239770336e+00 1.644915251205508078e+00 1.692592010094908783e+00 1.574126188622014810e+00 1.305147325427741700e+00 9.167574289165848489e-01 4.518709901620655556e-01 -3.969324265623797032e-02 -5.067949804729612318e-01 -9.025852843498592959e-01 -1.189510482194068963e+00 -1.343147640378107077e+00
-8.012819145402882981e-01 -5.931476403781075213e-01 -2.937961027321049912e-01 6.881609712738923079e-02 4.572059936385444723e-01 8.284590957278450407e-01 1.139137612373040565e+00 1.350428317138180123e+00 1.432915370239771224e+00 1.370396198367178631e+00 1.162261924204998076e+00 8.241261886220156985e-01 3.865886718840493286e-01 -1.077616239217436545e-01 -6.087891816177555260e-01 -1.064212295494568083e+00 -1.425353634016652160e+00 -1.652585284349860739e+00 -1.719840568083979893e+00 -1.617666693216436524e+00 -1.354456274511925296e+00 -9.557029557109388840e-01 -4.613526599051479549e-01 7.845909572784467989e-02 6.088075264831296352e-01 1.075909264299851120e+00 1.432915370239771446e+00 1.644915251205508078e+00 1.692592010094908561e+00 1.574126188622014810e+00 1.305147325427740146e+00 9.167574289165852930e-01 4.518709901620655556e-01 -3.969324265623841441e-02 -5.067949804729612318e-01 -9.025852843498607392e-01
-8.950235481267411197e-01 -9.025852843498607392e-01 -8.012819145402882981e-01 -5.931476403781075213e-01 -2.937961027321049912e-01 6.881609712738923079e-02 4.572059936385444723e-01 8.284590957278450407e-01 1.139137612373040565e+00 1.350428317138180345e+00 1.432915370239771224e+00 1.370396198367179075e+00 1.162261924204998298e+00 8.241261886220153654e-01 3.865886718840486624e-01 -1.077616239217429883e-01 -6.087891816177555260e-01 -1.064212295494568083e+00 -1.425353634016652160e+00 -1.652585284349860739e+00 -1.719840568083979893e+00 -1.617666693216436524e+00 -1.354456274511926850e+00 -9.557029557109402162e-01 -4.613526599051479549e-01 7.845909572784467989e-02 6.088075264831296352e-01 1.075909264299851120e+00 1.432915370239771446e+00 1.644915251205508078e+00 1.692592010094908561e+00 1.574126188622015921e+00 1.305147325427741700e+00 9.167574289165852930e-01 4.518709901620655556e-01 -3.969324265623841441e-02
-6.087891816177561921e-01 -7.896932426562395246e-01 -8.950235481267415638e-01 -9.025852843498605171e-01 -8.012819145402882981e-01 -5.931476403781077433e-01 -2.937961027321051022e-01 6.881609712738889773e-02 4.572059936385444723e-01 8.284590957278450407e-01 1.139137612373040565e+00 1.350428317138179679e+00 1.432915370239771224e+00 1.370396198367179075e+00 1.162261924204998298e+00 8.241261886220163646e-01 3.865886718840494396e-01 -1.077616239217429883e-01 -6.087891816177555260e-01 -1.064212295494568083e+00 -1.425353634016652160e+00 -1.652585284349860739e+00 -1.719840568083980115e+00 -1.617666693216436968e+00 -1.354456274511926850e+00 -9.557029557109402162e-01 -4.613526599051479549e-01 7.845909572784467989e-02 6.088075264831296352e-01 1.075909264299851120e+00 1.432915370239771446e+00 1.644915251205507412e+00 1.692592010094908783e+00 1.574126188622015921e+00 1.305147325427741700e+00 9.167574289165852930e-01
-1.437414140058619338e-01 -3.822806767600723243e-01 -6.087891816177561921e-01 -7.896932426562391916e-01 -8.950235481267411197e-01 -9.025852843498607392e-01 -8.012819145402880761e-01 -5.931476403781075213e-01 -2.937961027321049912e-01 6.881609712738978590e-02 4.572059936385449164e-01 8.284590957278450407e-01 1.139137612373040565e+00 1.350428317138180345e+00 1.432915370239771224e+00 1.370396198367179075e+00 1.162261924204998298e+00 8.241261886220153654e-01 3.865886718840486624e-01 -1.077616239217436545e-01 -6.087891816177566362e-01 -1.064212295494569194e+00 -1.425353634016651938e+00 -1.652585284349860517e+00 -1.719840568083980115e+00 -1.617666693216436968e+00 -1.354456274511926184e+00 -9.557029557109388840e-01 -4.613526599051470667e-01 7.845909572784467989e-02 6.088075264831316336e-01 1.075909264299851120e+00 1.432915370239770336e+00 1.644915251205508078e+00 1.692592010094908783e+00 1.574126188622014810e+00
2.437032706613063704e-01 7.412618862201558745e-02 -1.437414140058612677e-01 -3.822806767600723243e-01 -6.087891816177561921e-01 -7.896932426562395246e-01 -8.950235481267412307e-01 -9.025852843498605171e-01 -8.012819145402882981e-01 -5.931476403781075213e-01 -2.937961027321049912e-01 6.881609712738889773e-02 4.572059936385444723e-01 8.284590957278450407e-01 1.139137612373040565e+00 1.350428317138179679e+00 1.432915370239771224e+00 1.370396198367179075e+00 1.162261924204998298e+00 8.241261886220153654e-01 3.865886718840486624e-01 -1.077616239217436545e-01 -6.087891816177544158e-01 -1.064212295494567639e+00 -1.425353634016651938e+00 -1.652585284349860517e+00 -1.719840568083980115e+00 -1.617666693216436968e+00 -1.354456274511926184e+00 -9.557029557109388840e-01 -4.613526599051470667e-01 7.845909572784312558e-02 6.088075264831273037e-01 1.075909264299851120e+00 1.432915370239770336e+00 1.644915251205508078e+00
3.722551984599502539e-01 3.458771455288496277e-01 2.437032706613063704e-01 7.412618862201558745e-02 -1.437414140058619338e-01 -3.822806767600723243e-01 -6.087891816177559701e-01 -7.896932426562391916e-01 -8.950235481267411197e-01 -9.025852843498608502e-01 -8.012819145402879650e-01 -5.931476403781075213e-01 -2.937961027321049912e-01 6.881609712738978590e-02 4.572059936385449164e-01 8.284590957278450407e-01 1.139137612373040565e+00 1.350428317138180345e+00 1.432915370239771224e+00 1.370396198367178631e+00 1.162261924204997854e+00 8.241261886220148103e-01 3.865886718840494396e-01 -1.077616239217429883e-01 -6.087891816177555260e-01 -1.064212295494568083e+00 -1.425353634016652160e+00 -1.652585284349860739e+00 -1.719840568083979893e+00 -1.617666693216436524e+00 -1.354456274511925296e+00 -9.557029557109402162e-01 -4.613526599051479549e-01 7.845909572784467989e-02 6.088075264831296352e-01 1.075909264299851120e+00
2.205789588293489423e-01 3.259092642998505651e-01 3.722551984599496988e-01 3.458771455288497387e-01 2.437032706613063704e-01 7.412618862201558745e-02 -1.437414140058612677e-01 -3.822806767600723243e-01 -6.087891816177561921e-01 -7.896932426562391916e-01 -8.950235481267411197e-01 -9.025852843498605171e-01 -8.012819145402882981e-01 -5.931476403781075213e-01 -2.937961027321049912e-01 6.881609712738889773e-02 4.572059936385444723e-01 8.284590957278450407e-01 1.139137612373040565e+00 1.350428317138180345e+00 1.432915370239771224e+00 1.370396198367178631e+00 1.162261924204998742e+00 8.241261886220163646e-01 3.865886718840494396e-01 -1.077616239217429883e-01 -6.087891816177555260e-01 -1.064212295494568083e+00 -1.425353634016652160e+00 -1.652585284349860739e+00 -1.719840568083979893e+00 -1.617666693216436968e+00 -1.354456274511926850e+00 -9.557029557109402162e-01 -4.613526599051479549e-01 7.845909572784467989e-02
-7.312409225136717872e-02 7.845909572784560970e-02 2.205789588293489423e-01 3.259092642998511757e-01 3.722551984599496988e-01 3.458771455288499608e-01 2.437032706613064814e-01 7.412618862201558745e-02 -1.437414140058612677e-01 -3.822806767600723243e-01 -6.087891816177561921e-01 -7.896932426562395246e-01 -8.950235481267415638e-01 -9.025852843498605171e-01 -8.012819145402882981e-01 -5.931476403781080764e-01 -2.937961027321052132e-01 6.881609712738889773e-02 4.572059936385444723e-01 8.284590957278450407e-01 1.139137612373040565e+00 1.350428317138180345e+00 1.432915370239771224e+00 1.370396198367179075e+00 1.162261924204998742e+00 8.241261886220163646e-01 3.865886718840494396e-01 -1.077616239217429883e-01 -6.087891816177555260e-01 -1.064212295494568083e+00 -1.425353634016652160e+00 -1.652585284349860073e+00 -1.719840568083980115e+00 -1.617666693216436968e+00 -1.354456274511926850e+00 -9.557029557109402162e-01
-2.937961027321049912e-01 -2.057029557109397722e-01 -7.312409225136717872e-02 7.845909572784560970e-02 2.205789588293489423e-01 3.259092642998511757e-01 3.722551984599501429e-01 3.458771455288499608e-01 2.437032706613064814e-01 7.412618862201558745e-02 -1.437414140058612677e-01 -3.822806767600717137e-01 -6.087891816177546378e-01 -7.896932426562395246e-01 -8.950235481267415638e-01 -9.025852843498608502e-01 -8.012819145402885201e-01 -5.931476403781080764e-01 -2.937961027321052132e-01 6.881609712738889773e-02 4.572059936385444723e-01 8.284590957278450407e-01 1.139137612373039232e+00 1.350428317138179235e+00 1.432915370239771224e+00 1.370396198367179075e+00 1.162261924204998742e+00 8.241261886220163646e-01 3.865886718840494396e-01 -1.077616239217429883e-01 -6.087891816177555260e-01 -1.064212295494566529e+00 -1.425353634016651050e+00 -1.652585284349860073e+00 -1.719840568083980115e+00 -1.617666693216436968e+00
-2.709518286503778128e-01 -3.186285875397788514e-01 -2.937961027321044361e-01 -2.057029557109397722e-01 -7.312409225136612401e-02 7.845909572784560970e-02 2.205789588293489423e-01 3.259092642998505651e-01 3.722551984599502539e-01 3.458771455288496277e-01 2.437032706613062594e-01 7.412618862201558745e-02 -1.437414140058619338e-01 -3.822806767600730460e-01 -6.087891816177559701e-01 -7.896932426562391916e-01 -8.950235481267411197e-01 -9.025852843498608502e-01 -8.012819145402879650e-01 -5.931476403781072992e-01 -2.937961027321041030e-01 6.881609712739056306e-02 4.572059936385444723e-01 8.284590957278450407e-01 1.139137612373040565e+00 1.350428317138180345e+00 1.432915370239771224e+00 1.370396198367178631e+00 1.162261924204997854e+00 8.241261886220148103e-01 3.865886718840476632e-01 -1.077616239217429883e-01 -6.087891816177555260e-01 -1.064212295494568083e+00 -1.425353634016652160e+00 -1.652585284349860739e+00
2.353510541694903146e-02 -1.525852843498612943e-01 -2.709518286503778128e-01 -3.186285875397785183e-01 -2.937961027321044361e-01 -2.057029557109397722e-01 -7.312409225136717872e-02 7.845909572784560970e-02 2.205789588293489423e-01 3.259092642998505651e-01 3.722551984599502539e-01 3.458771455288497387e-01 2.437032706613063704e-01 7.412618862201558745e-02 -1.437414140058619338e-01 -3.822806767600723243e-01 -6.087891816177561921e-01 -7.896932426562391916e-01 -8.950235481267411197e-01 -9.025852843498608502e-01 -8.012819145402879650e-01 -5.931476403781072992e-01 -2.937961027321052132e-01 6.881609712738889773e-02 4.572059936385444723e-01 8.284590957278450407e-01 1.139137612373040565e+00 1.350428317138180345e+00 1.432915370239771224e+00 1.370396198367178631e+00 1.162261924204997854e+00 8.241261886220163646e-01 3.865886718840494396e-01 -1.077616239217429883e-01 -6.087891816177555260e-01 -1.064212295494568083e+00
4.518709901620648339e-01 2.348258101820894783e-01 2.353510541694903146e-02 -1.525852843498605171e-01 -2.709518286503778128e-01 -3.186285875397785183e-01 -2.937961027321049912e-01 -2.057029557109397722e-01 -7.312409225136717872e-02 7.845909572784560970e-02 2.205789588293489423e-01 3.259092642998511757e-01 3.722551984599496988e-01 3.458771455288497387e-01 2.437032706613063704e-01 7.412618862201558745e-02 -1.437414140058612677e-01 -3.822806767600723243e-01 -6.087891816177561921e-01 -7.896932426562391916e-01 -8.950235481267411197e-01 -9.025852843498608502e-01 -8.012819145402885201e-01 -5.931476403781080764e-01 -2.937961027321052132e-01 6.881609712738889773e-02 4.572059936385444723e-01 8.284590957278450407e-01 1.139137612373040565e+00 1.350428317138180345e+00 1.432915370239771224e+00 1.370396198367179075e+00 1.162261924204998742e+00 8.241261886220163646e-01 3.865886718840494396e-01 -1.077616239217429883e-01
7.748172395378303268e-01 6.422383760782559570e-01 4.518709901620648339e-01 2.348258101820890342e-01 2.353510541694903146e-02 -1.525852843498605171e-01 -2.709518286503774798e-01 -3.186285875397785183e-01 -2.937961027321049912e-01 -2.057029557109397722e-01 -7.312409225136717872e-02 7.845909572784560970e-02 2.205789588293489423e-01 3.259092642998511757e-01 3.722551984599496988e-01 3.458771455288499608e-01 2.437032706613064814e-01 7.412618862201558745e-02 -1.437414140058612677e-01 -3.822806767600723243e-01 -6.087891816177561921e-01 -7.896932426562391916e-01 -8.950235481267413418e-01 -9.025852843498608502e-01 -8.012819145402885201e-01 -5.931476403781080764e-01 -2.937961027321052132e-01 6.881609712738889773e-02 4.572059936385444723e-01 8.284590957278450407e-01 1.139137612373040565e+00 1.350428317138179235e+00 1.432915370239771224e+00 1.370396198367179075e+00 1.162261924204998742e+00 8.241261886220163646e-01
7.740333565512169667e-01 8.241261886220153654e-01 7.748172395378295496e-01 6.422383760782564011e-01 4.518709901620648339e-01 2.348258101820894783e-01 2.353510541694903146e-02 -1.525852843498612943e-01 -2.709518286503778128e-01 -3.186285875397788514e-01 -2.937961027321044361e-01 -2.057029557109397722e-01 -7.312409225136612401e-02 7.845909572784494357e-02 2.205789588293482761e-01 3.259092642998505651e-01 3.722551984599502539e-01 3.458771455288496277e-01 2.437032706613062594e-01 7.412618862201458825e-02 -1.437414140058624890e-01 -3.822806767600728239e-01 -6.087891816177561921e-01 -7.896932426562391916e-01 -8.950235481267411197e-01 -9.025852843498608502e-01 -8.012819145402879650e-01 -5.931476403781072992e-01 -2.937961027321041030e-01 6.881609712739056306e-02 4.572059936385458601e-01 8.284590957278450407e-01 1.139137612373040565e+00 1.350428317138180345e+00 1.432915370239771224e+00 1.370396198367178631e+00
3.722551984599512531e-01 6.203961983671795188e-01 7.740333565512169667e-01 8.241261886220153654e-01 7.748172395378303268e-01 6.422383760782559570e-01 4.518709901620648339e-01 2.348258101820894783e-01 2.353510541694903146e-02 -1.525852843498612943e-01 -2.709518286503778128e-01 -3.186285875397785183e-01 -2.937961027321044361e-01 -2.057029557109397722e-01 -7.312409225136612401e-02 7.845909572784560970e-02 2.205789588293489423e-01 3.259092642998505651e-01 3.722551984599502539e-01 3.458771455288496277e-01 2.437032706613062594e-01 7.412618862201458825e-02 -1.437414140058612677e-01 -3.822806767600723243e-01 -6.087891816177561921e-01 -7.896932426562391916e-01 -8.950235481267411197e-01 -9.025852843498608502e-01 -8.012819145402879650e-01 -5.931476403781072992e-01 -2.937961027321041030e-01 6.881609712738889773e-02 4.572059936385444723e-01 8.284590957278450407e-01 1.139137612373040565e+00 1.350428317138180345e+00
-3.097511270605616263e-01 5.139021146152322750e-02 3.722551984599512531e-01 6.203961983671795188e-01 7.740333565512174108e-01 8.241261886220156985e-01 7.748172395378303268e-01 6.422383760782559570e-01 4.518709901620648339e-01 2.348258101820894783e-01 2.353510541694903146e-02 -1.525852843498605171e-01 -2.709518286503778128e-01 -3.186285875397785183e-01 -2.937961027321044361e-01 -2.057029557109397722e-01 -7.312409225136717872e-02 7.845909572784560970e-02 2.205789588293489423e-01 3.259092642998505651e-01 3.722551984599502539e-01 3.458771455288496277e-01 2.437032706613064814e-01 7.412618862201558745e-02 -1.437414140058612677e-01 -3.822806767600723243e-01 -6.087891816177561921e-01 -7.896932426562391916e-01 -8.950235481267411197e-01 -9.025852843498608502e-01 -8.012819145402879650e-01 -5.931476403781080764e-01 -2.937961027321052132e-01 6.881609712738889773e-02 4.572059936385444723e-01 8.284590957278450407e-01
