1.634405640593344478e+00 1.746917333733128075e+00 1.688074822925424101e+00 1.463634571194648348e+00 1.096736322814743314e+00 6.253800040544414962e-01 9.826853130666654557e-02 -4.305110968082949130e-01 -9.073647329810718976e-01 -1.284961270876543438e+00 -1.527247419623038560e+00 -1.613149506046951842e+00 -1.538559888073120607e+00 -1.316406236924832385e+00 -9.748243737712425361e-01 -5.536733003181055768e-01 -9.981898908161646045e-02 3.382504491541811209e-01 7.158469870496526610e-01 9.969173337331278528e-01 1.157744737035513172e+00 1.189115518356319123e+00 1.096736322814744424e+00 8.998990568927707212e-01 6.285986171965779468e-01 3.194889031917060307e-01 1.119392056262091817e-02 -2.604422180382141017e-01 -4.665872478432172565e-01 -5.886304532086228392e-01 -6.200012345294285687e-01 -5.664062369248336060e-01 -4.444942878813338272e-01 -2.791542474797764628e-01 -9.981898908161618289e-02 6.373139631585122977e-02
9.608411826982057313e-01 1.362769501992510568e+00 1.634405640593344478e+00 1.746917333733128075e+00 1.688074822925424101e+00 1.463634571194648348e+00 1.096736322814743314e+00 6.253800040544414962e-01 9.826853130666654557e-02 -4.305110968082955236e-01 -9.073647329810725637e-01 -1.284961270876542994e+00 -1.527247419623038560e+00 -1.613149506046951842e+00 -1.538559888073120607e+00 -1.316406236924833273e+00 -9.748243737712425361e-01 -5.536733003181054658e-01 -9.981898908161540573e-02 3.382504491541822866e-01 7.158469870496526610e-01 9.969173337331278528e-01 1.157744737035512728e+00 1.189115518356319123e+00 1.096736322814744424e+00 8.998990568927709433e-01 6.285986171965779468e-01 3.194889031917044209e-01 1.119392056262091817e-02 -2.604422180382145458e-01 -4.665872478432172565e-01 -5.886304532086223951e-01 -6.200012345294285687e-01 -5.664062369248336060e-01 -4.444942878813321618e-01 -2.791542474797764628e-01
-5.626572022755099711e-02 4.708457525202244809e-01 9.608411826982057313e-01 1.362769501992510568e+00 1.634405640593344700e+00 1.746917333733128075e+00 1.688074822925424101e+00 1.463634571194648348e+00 1.096736322814743314e+00 6.253800040544410521e-01 9.826853130666593494e-02 -4.305110968082949130e-01 -9.073647329810718976e-01 -1.284961270876543438e+00 -1.527247419623038560e+00 -1.613149506046951842e+00 -1.538559888073120607e+00 -1.316406236924832385e+00 -9.748243737712425361e-01 -5.536733003181042445e-01 -9.981898908161418449e-02 3.382504491541822866e-01 7.158469870496526610e-01 9.969173337331278528e-01 1.157744737035513172e+00 1.189115518356319123e+00 1.096736322814743314e+00 8.998990568927709433e-01 6.285986171965763925e-01 3.194889031917044209e-01 1.119392056261947488e-02 -2.604422180382141017e-01 -4.665872478432172565e-01 -5.886304532086228392e-01 -6.200012345294285687e-01 -5.664062369248328288e-01
-1.008229802183209012e+00 -5.664062369248326068e-01 -5.626572022755099711e-02 4.708457525202244809e-01 9.608411826982061754e-01 1.362769501992510568e+00 1.634405640593344700e+00 1.746917333733128075e+00 1.688074822925424101e+00 1.463634571194647904e+00 1.096736322814742870e+00 6.253800040544414962e-01 9.826853130666654557e-02 -4.305110968082955236e-01 -9.073647329810725637e-01 -1.284961270876542994e+00 -1.527247419623038560e+00 -1.613149506046951842e+00 -1.538559888073120607e+00 -1.316406236924832385e+00 -9.748243737712425361e-01 -5.536733003181042445e-01 -9.981898908161646045e-02 3.382504491541811209e-01 7.158469870496526610e-01 9.969173337331278528e-01 1.157744737035513172e+00 1.189115518356319123e+00 1.096736322814743314e+00 8.998990568927709433e-01 6.285986171965763925e-01 3.194889031917060307e-01 1.119392056262091817e-02 -2.604422180382141017e-01 -4.665872478432172565e-01 -5.886304532086228392e-01
-1.527247419623038560e+00 -1.338630453208623283e+00 -1.008229802183210122e+00 -5.664062369248330508e-01 -5.626572022755099711e-02 4.708457525202238148e-01 9.608411826982057313e-01 1.362769501992510346e+00 1.634405640593344478e+00 1.746917333733128075e+00 1.688074822925424101e+00 1.463634571194648570e+00 1.096736322814743758e+00 6.253800040544414962e-01 9.826853130666654557e-02 -4.305110968082941914e-01 -9.073647329810717865e-01 -1.284961270876542994e+00 -1.527247419623038560e+00 -1.613149506046951842e+00 -1.538559888073120607e+00 -1.316406236924832385e+00 -9.748243737712436463e-01 -5.536733003181055768e-01 -9.981898908161646045e-02 3.382504491541811209e-01 7.158469870496526610e-01 9.969173337331278528e-01 1.157744737035513172e+00 1.189115518356319123e+00 1.096736322814743314e+00 8.998990568927707212e-01 6.285986171965779468e-01 3.194889031917060307e-01 1.119392056262091817e-02 -2.604422180382141017e-01
-1.437694818870983049e+00 -1.559480323714872219e+00 -1.527247419623038560e+00 -1.338630453208622839e+00 -1.008229802183209012e+00 -5.664062369248326068e-01 -5.626572022755038649e-02 4.708457525202244809e-01 9.608411826982061754e-01 1.362769501992511012e+00 1.634405640593344700e+00 1.746917333733128075e+00 1.688074822925424101e+00 1.463634571194647904e+00 1.096736322814742870e+00 6.253800040544414962e-01 9.826853130666654557e-02 -4.305110968082955236e-01 -9.073647329810725637e-01 -1.284961270876543438e+00 -1.527247419623039004e+00 -1.613149506046951842e+00 -1.538559888073120607e+00 -1.316406236924833273e+00 -9.748243737712425361e-01 -5.536733003181054658e-01 -9.981898908161540573e-02 3.382504491541822866e-01 7.158469870496526610e-01 9.969173337331278528e-01 1.157744737035514282e+00 1.189115518356319123e+00 1.096736322814744424e+00 8.998990568927709433e-01 6.285986171965779468e-01 3.194889031917044209e-01
-8.202901222370249101e-01 -1.180511096808294358e+00 -1.437694818870983271e+00 -1.559480323714872219e+00 -1.527247419623038560e+00 -1.338630453208623283e+00 -1.008229802183209234e+00 -5.664062369248330508e-01 -5.626572022755099711e-02 4.708457525202244809e-01 9.608411826982061754e-01 1.362769501992510346e+00 1.634405640593344478e+00 1.746917333733128075e+00 1.688074822925424101e+00 1.463634571194648570e+00 1.096736322814743758e+00 6.253800040544414962e-01 9.826853130666654557e-02 -4.305110968082955236e-01 -9.073647329810725637e-01 -1.284961270876543438e+00 -1.527247419623038116e+00 -1.613149506046951842e+00 -1.538559888073120607e+00 -1.316406236924833273e+00 -9.748243737712425361e-01 -5.536733003181054658e-01 -9.981898908161540573e-02 3.382504491541822866e-01 7.158469870496526610e-01 9.969173337331271867e-01 1.157744737035512728e+00 1.189115518356319123e+00 1.096736322814744424e+00 8.998990568927709433e-01
3.607615103492156639e-02 -3.991390487838878398e-01 -8.202901222370249101e-01 -1.180511096808296134e+00 -1.437694818870983049e+00 -1.559480323714872219e+00 -1.527247419623038560e+00 -1.338630453208622839e+00 -1.008229802183209012e+00 -5.664062369248319406e-01 -5.626572022754977587e-02 4.708457525202244809e-01 9.608411826982061754e-01 1.362769501992511012e+00 1.634405640593344700e+00 1.746917333733128075e+00 1.688074822925424101e+00 1.463634571194647904e+00 1.096736322814742870e+00 6.253800040544406080e-01 9.826853130666554637e-02 -4.305110968082962453e-01 -9.073647329810717865e-01 -1.284961270876542994e+00 -1.527247419623038560e+00 -1.613149506046951842e+00 -1.538559888073120607e+00 -1.316406236924832385e+00 -9.748243737712425361e-01 -5.536733003181042445e-01 -9.981898908161418449e-02 3.382504491541811209e-01 7.158469870496526610e-01 9.969173337331278528e-01 1.157744737035513172e+00 1.189115518356319123e+00
7.695161693817321735e-01 4.391155183563183462e-01 3.607615103492178843e-02 -3.991390487838877288e-01 -8.202901222370249101e-01 -1.180511096808294358e+00 -1.437694818870983271e+00 -1.559480323714872219e+00 -1.527247419623038560e+00 -1.338630453208622839e+00 -1.008229802183209012e+00 -5.664062369248330508e-01 -5.626572022755099711e-02 4.708457525202244809e-01 9.608411826982061754e-01 1.362769501992510346e+00 1.634405640593344478e+00 1.746917333733128075e+00 1.688074822925424101e+00 1.463634571194647904e+00 1.096736322814742870e+00 6.253800040544406080e-01 9.826853130666754477e-02 -4.305110968082941914e-01 -9.073647329810717865e-01 -1.284961270876542994e+00 -1.527247419623038560e+00 -1.613149506046951842e+00 -1.538559888073120607e+00 -1.316406236924832385e+00 -9.748243737712425361e-01 -5.536733003181055768e-01 -9.981898908161646045e-02 3.382504491541811209e-01 7.158469870496526610e-01 9.969173337331278528e-01
1.104075554703433548e+00 9.969173337331278528e-01 7.695161693817327286e-01 4.391155183563200670e-01 3.607615103492178843e-02 -3.991390487838873957e-01 -8.202901222370246881e-01 -1.180511096808294358e+00 -1.437694818870983271e+00 -1.559480323714872219e+00 -1.527247419623038560e+00 -1.338630453208623283e+00 -1.008229802183210122e+00 -5.664062369248330508e-01 -5.626572022755099711e-02 4.708457525202232596e-01 9.608411826982055093e-01 1.362769501992510346e+00 1.634405640593344478e+00 1.746917333733128075e+00 1.688074822925424101e+00 1.463634571194647904e+00 1.096736322814744646e+00 6.253800040544423844e-01 9.826853130666754477e-02 -4.305110968082941914e-01 -9.073647329810717865e-01 -1.284961270876542994e+00 -1.527247419623038560e+00 -1.613149506046951842e+00 -1.538559888073120607e+00 -1.316406236924833939e+00 -9.748243737712436463e-01 -5.536733003181055768e-01 -9.981898908161646045e-02 3.382504491541811209e-01
9.608411826982050652e-01 1.088250449154182231e+00 1.104075554703433548e+00 9.969173337331278528e-01 7.695161693817327286e-01 4.391155183563200670e-01 3.607615103492367581e-02 -3.991390487838873957e-01 -8.202901222370246881e-01 -1.180511096808294358e+00 -1.437694818870983271e+00 -1.559480323714871997e+00 -1.527247419623038782e+00 -1.338630453208623283e+00 -1.008229802183210122e+00 -5.664062369248337170e-01 -5.626572022755171876e-02 4.708457525202232596e-01 9.608411826982055093e-01 1.362769501992510346e+00 1.634405640593344478e+00 1.746917333733128075e+00 1.688074822925424545e+00 1.463634571194649014e+00 1.096736322814744646e+00 6.253800040544423844e-01 9.826853130666754477e-02 -4.305110968082941914e-01 -9.073647329810717865e-01 -1.284961270876542994e+00 -1.527247419623038560e+00 -1.613149506046952064e+00 -1.538559888073121051e+00 -1.316406236924833939e+00 -9.748243737712436463e-01 -5.536733003181055768e-01
4.740643656623597657e-01 7.453648053585542055e-01 9.608411826982061754e-01 1.088250449154182231e+00 1.104075554703433770e+00 9.969173337331278528e-01 7.695161693817321735e-01 4.391155183563183462e-01 3.607615103492156639e-02 -3.991390487838878398e-01 -8.202901222370266865e-01 -1.180511096808296134e+00 -1.437694818870983049e+00 -1.559480323714871997e+00 -1.527247419623038560e+00 -1.338630453208622839e+00 -1.008229802183209012e+00 -5.664062369248319406e-01 -5.626572022754977587e-02 4.708457525202251470e-01 9.608411826982069526e-01 1.362769501992511678e+00 1.634405640593344478e+00 1.746917333733128075e+00 1.688074822925424101e+00 1.463634571194647904e+00 1.096736322814742870e+00 6.253800040544406080e-01 9.826853130666554637e-02 -4.305110968082962453e-01 -9.073647329810735629e-01 -1.284961270876542994e+00 -1.527247419623038560e+00 -1.613149506046951842e+00 -1.538559888073120607e+00 -1.316406236924832385e+00
-8.967114863951741732e-02 1.835937630751676153e-01 4.740643656623597657e-01 7.453648053585528732e-01 9.608411826982061754e-01 1.088250449154182231e+00 1.104075554703433548e+00 9.969173337331278528e-01 7.695161693817321735e-01 4.391155183563183462e-01 3.607615103492156639e-02 -3.991390487838877288e-01 -8.202901222370249101e-01 -1.180511096808296134e+00 -1.437694818870983049e+00 -1.559480323714872219e+00 -1.527247419623038560e+00 -1.338630453208622839e+00 -1.008229802183209012e+00 -5.664062369248319406e-01 -5.626572022754977587e-02 4.708457525202251470e-01 9.608411826982055093e-01 1.362769501992510346e+00 1.634405640593344478e+00 1.746917333733128075e+00 1.688074822925424101e+00 1.463634571194647904e+00 1.096736322814742870e+00 6.253800040544406080e-01 9.826853130666554637e-02 -4.305110968082941914e-01 -9.073647329810717865e-01 -1.284961270876542994e+00 -1.527247419623038560e+00 -1.613149506046951842e+00
-4.665872478432172565e-01 -3.141114003702940582e-01 -8.967114863951741732e-02 1.835937630751661720e-01 4.740643656623597657e-01 7.453648053585528732e-01 9.608411826982050652e-01 1.088250449154182231e+00 1.104075554703433548e+00 9.969173337331278528e-01 7.695161693817321735e-01 4.391155183563200670e-01 3.607615103492178843e-02 -3.991390487838877288e-01 -8.202901222370249101e-01 -1.180511096808294358e+00 -1.437694818870983271e+00 -1.559480323714872219e+00 -1.527247419623038560e+00 -1.338630453208622839e+00 -1.008229802183209012e+00 -5.664062369248319406e-01 -5.626572022755171876e-02 4.708457525202232596e-01 9.608411826982055093e-01 1.362769501992510346e+00 1.634405640593344478e+00 1.746917333733128075e+00 1.688074822925424101e+00 1.463634571194647904e+00 1.096736322814742870e+00 6.253800040544423844e-01 9.826853130666754477e-02 -4.305110968082941914e-01 -9.073647329810717865e-01 -1.284961270876542994e+00
-5.191361653272903443e-01 -5.349612708765428826e-01 -4.665872478432172565e-01 -3.141114003702945023e-01 -8.967114863951741732e-02 1.835937630751661720e-01 4.740643656623582669e-01 7.453648053585528732e-01 9.608411826982050652e-01 1.088250449154182231e+00 1.104075554703433548e+00 9.969173337331278528e-01 7.695161693817327286e-01 4.391155183563200670e-01 3.607615103492178843e-02 -3.991390487838873957e-01 -8.202901222370246881e-01 -1.180511096808294358e+00 -1.437694818870983271e+00 -1.559480323714872219e+00 -1.527247419623038560e+00 -1.338630453208622839e+00 -1.008229802183211010e+00 -5.664062369248337170e-01 -5.626572022755171876e-02 4.708457525202232596e-01 9.608411826982055093e-01 1.362769501992510346e+00 1.634405640593344478e+00 1.746917333733128075e+00 1.688074822925424101e+00 1.463634571194649014e+00 1.096736322814744646e+00 6.253800040544423844e-01 9.826853130666754477e-02 -4.305110968082941914e-01
-2.899600363471157571e-01 -4.305110968082953571e-01 -5.191361653272908994e-01 -5.349612708765424385e-01 -4.665872478432172565e-01 -3.141114003702940582e-01 -8.967114863951741732e-02 1.835937630751676153e-01 4.740643656623597657e-01 7.453648053585542055e-01 9.608411826982061754e-01 1.088250449154182231e+00 1.104075554703433770e+00 9.969173337331272977e-01 7.695161693817315074e-01 4.391155183563183462e-01 3.607615103492156639e-02 -3.991390487838878398e-01 -8.202901222370266865e-01 -1.180511096808296134e+00 -1.437694818870983493e+00 -1.559480323714872663e+00 -1.527247419623038560e+00 -1.338630453208622839e+00 -1.008229802183209012e+00 -5.664062369248319406e-01 -5.626572022754977587e-02 4.708457525202251470e-01 9.608411826982069526e-01 1.362769501992511678e+00 1.634405640593345144e+00 1.746917333733128075e+00 1.688074822925424101e+00 1.463634571194647904e+00 1.096736322814742870e+00 6.253800040544406080e-01
3.607615103492223252e-02 -1.246199959455582817e-01 -2.899600363471157571e-01 -4.305110968082953571e-01 -5.191361653272903443e-01 -5.349612708765428826e-01 -4.665872478432172565e-01 -3.141114003702940582e-01 -8.967114863951741732e-02 1.835937630751676153e-01 4.740643656623597657e-01 7.453648053585528732e-01 9.608411826982061754e-01 1.088250449154182231e+00 1.104075554703433770e+00 9.969173337331278528e-01 7.695161693817321735e-01 4.391155183563183462e-01 3.607615103492156639e-02 -3.991390487838878398e-01 -8.202901222370266865e-01 -1.180511096808296134e+00 -1.437694818870983271e+00 -1.559480323714872219e+00 -1.527247419623038560e+00 -1.338630453208622839e+00 -1.008229802183209012e+00 -5.664062369248319406e-01 -5.626572022754977587e-02 4.708457525202251470e-01 9.608411826982069526e-01 1.362769501992510346e+00 1.634405640593344478e+00 1.746917333733128075e+00 1.688074822925424101e+00 1.463634571194647904e+00
2.391860834918217993e-01 1.645964655179894542e-01 3.607615103492223252e-02 -1.246199959455582817e-01 -2.899600363471139808e-01 -4.305110968082944134e-01 -5.191361653272903443e-01 -5.349612708765428826e-01 -4.665872478432172565e-01 -3.141114003702940582e-01 -8.967114863951741732e-02 1.835937630751661720e-01 4.740643656623597657e-01 7.453648053585528732e-01 9.608411826982061754e-01 1.088250449154182231e+00 1.104075554703433548e+00 9.969173337331278528e-01 7.695161693817321735e-01 4.391155183563183462e-01 3.607615103492156639e-02 -3.991390487838878398e-01 -8.202901222370246881e-01 -1.180511096808294358e+00 -1.437694818870983271e+00 -1.559480323714872219e+00 -1.527247419623038560e+00 -1.338630453208622839e+00 -1.008229802183209012e+00 -5.664062369248319406e-01 -5.626572022754977587e-02 4.708457525202232596e-01 9.608411826982055093e-01 1.362769501992510346e+00 1.634405640593344478e+00 1.746917333733128075e+00
