1.512455123323523276e+00 1.701056516295153642e+00 1.723835196735897135e+00 1.576702907405116427e+00 1.273474911367304729e+00 8.444715627858909723e-01 3.332873847869559647e-01 -2.079116908177591205e-01 -7.240335480600953444e-01 -1.163010753606722458e+00 -1.481386602185064127e+00 -1.648909879857424876e+00 -1.651628224283588686e+00 -1.493144825477394022e+00 -1.193915932502691790e+00 -7.886921537983949682e-01 -3.224183950721523084e-01 1.549192642332044567e-01 5.938964697798311265e-01 9.510565162951534202e-01 1.193505110845985984e+00 1.302183854566787424e+00 1.273474911367305173e+00 1.118990615624220419e+00 8.636174706768668941e-01 5.420883091822414901e-01 1.945251054835973603e-01 -1.384917007683930112e-01 -4.207264304052428239e-01 -6.243908270190953180e-01 -7.330695707398965366e-01 -7.431448254773943551e-01 -6.635858466127826372e-01 -5.141731009600654101e-01 -3.224183950721516423e-01 -1.195997886051253234e-01
7.382417767076704385e-01 1.179438317071534126e+00 1.512455123323523276e+00 1.701056516295153642e+00 1.723835196735897135e+00 1.576702907405116427e+00 1.273474911367304729e+00 8.444715627858909723e-01 3.332873847869559647e-01 -2.079116908177597312e-01 -7.240335480600960105e-01 -1.163010753606721792e+00 -1.481386602185064127e+00 -1.648909879857424876e+00 -1.651628224283588686e+00 -1.493144825477394466e+00 -1.193915932502692012e+00 -7.886921537983948571e-01 -3.224183950721511982e-01 1.549192642332057335e-01 5.938964697798316816e-01 9.510565162951534202e-01 1.193505110845985318e+00 1.302183854566787424e+00 1.273474911367305173e+00 1.118990615624219975e+00 8.636174706768668941e-01 5.420883091822397137e-01 1.945251054835973603e-01 -1.384917007683934553e-01 -4.207264304052428239e-01 -6.243908270190948739e-01 -7.330695707398965366e-01 -7.431448254773943551e-01 -6.635858466127810829e-01 -5.141731009600654101e-01
-2.753572789589999181e-01 2.358268990399345899e-01 7.382417767076704385e-01 1.179438317071534126e+00 1.512455123323523498e+00 1.701056516295153642e+00 1.723835196735897135e+00 1.576702907405116427e+00 1.273474911367304729e+00 8.444715627858905282e-01 3.332873847869553541e-01 -2.079116908177591205e-01 -7.240335480600953444e-01 -1.163010753606722458e+00 -1.481386602185064127e+00 -1.648909879857424876e+00 -1.651628224283588686e+00 -1.493144825477394022e+00 -1.193915932502691790e+00 -7.886921537983936359e-01 -3.224183950721498659e-01 1.549192642332057335e-01 5.938964697798311265e-01 9.510565162951534202e-01 1.193505110845985984e+00 1.302183854566787424e+00 1.273474911367304507e+00 1.118990615624219975e+00 8.636174706768653397e-01 5.420883091822397137e-01 1.945251054835958060e-01 -1.384917007683930112e-01 -4.207264304052428239e-01 -6.243908270190953180e-01 -7.330695707398965366e-01 -7.431448254773938000e-01
-1.121298138393677535e+00 -7.431448254773940221e-01 -2.753572789589999181e-01 2.358268990399345899e-01 7.382417767076704385e-01 1.179438317071534126e+00 1.512455123323523498e+00 1.701056516295153642e+00 1.723835196735897135e+00 1.576702907405116205e+00 1.273474911367304507e+00 8.444715627858909723e-01 3.332873847869559647e-01 -2.079116908177597312e-01 -7.240335480600960105e-01 -1.163010753606721792e+00 -1.481386602185064127e+00 -1.648909879857424876e+00 -1.651628224283588686e+00 -1.493144825477394022e+00 -1.193915932502691790e+00 -7.886921537983936359e-01 -3.224183950721523084e-01 1.549192642332044567e-01 5.938964697798311265e-01 9.510565162951534202e-01 1.193505110845985984e+00 1.302183854566787424e+00 1.273474911367304507e+00 1.118990615624219975e+00 8.636174706768653397e-01 5.420883091822414901e-01 1.945251054835973603e-01 -1.384917007683930112e-01 -4.207264304052428239e-01 -6.243908270190953180e-01
-1.481386602185064127e+00 -1.374390827019095873e+00 -1.121298138393678423e+00 -7.431448254773944662e-01 -2.753572789589999181e-01 2.358268990399343679e-01 7.382417767076698834e-01 1.179438317071534126e+00 1.512455123323523276e+00 1.701056516295153642e+00 1.723835196735897135e+00 1.576702907405116649e+00 1.273474911367304951e+00 8.444715627858909723e-01 3.332873847869559647e-01 -2.079116908177583711e-01 -7.240335480600952334e-01 -1.163010753606721792e+00 -1.481386602185064127e+00 -1.648909879857424876e+00 -1.651628224283588686e+00 -1.493144825477394022e+00 -1.193915932502692900e+00 -7.886921537983949682e-01 -3.224183950721523084e-01 1.549192642332044567e-01 5.938964697798311265e-01 9.510565162951534202e-01 1.193505110845985984e+00 1.302183854566787424e+00 1.273474911367304507e+00 1.118990615624220419e+00 8.636174706768668941e-01 5.420883091822414901e-01 1.945251054835973603e-01 -1.384917007683930112e-01
-1.254363633950006829e+00 -1.437529806445051239e+00 -1.481386602185064127e+00 -1.374390827019095651e+00 -1.121298138393677535e+00 -7.431448254773940221e-01 -2.753572789589997516e-01 2.358268990399345899e-01 7.382417767076704385e-01 1.179438317071534570e+00 1.512455123323523498e+00 1.701056516295153642e+00 1.723835196735897135e+00 1.576702907405116205e+00 1.273474911367304507e+00 8.444715627858909723e-01 3.332873847869559647e-01 -2.079116908177597312e-01 -7.240335480600960105e-01 -1.163010753606722458e+00 -1.481386602185064572e+00 -1.648909879857424876e+00 -1.651628224283588686e+00 -1.493144825477394466e+00 -1.193915932502692012e+00 -7.886921537983948571e-01 -3.224183950721511982e-01 1.549192642332057335e-01 5.938964697798316816e-01 9.510565162951534202e-01 1.193505110845987094e+00 1.302183854566787424e+00 1.273474911367305173e+00 1.118990615624219975e+00 8.636174706768668941e-01 5.420883091822397137e-01
-5.852712687567358518e-01 -9.579116908177589540e-01 -1.254363633950006385e+00 -1.437529806445051239e+00 -1.481386602185064127e+00 -1.374390827019095873e+00 -1.121298138393677757e+00 -7.431448254773944662e-01 -2.753572789589999181e-01 2.358268990399345899e-01 7.382417767076704385e-01 1.179438317071534126e+00 1.512455123323523276e+00 1.701056516295153642e+00 1.723835196735897135e+00 1.576702907405116649e+00 1.273474911367304951e+00 8.444715627858909723e-01 3.332873847869559647e-01 -2.079116908177597312e-01 -7.240335480600960105e-01 -1.163010753606722458e+00 -1.481386602185063683e+00 -1.648909879857424654e+00 -1.651628224283588686e+00 -1.493144825477394466e+00 -1.193915932502692012e+00 -7.886921537983948571e-01 -3.224183950721511982e-01 1.549192642332057335e-01 5.938964697798316816e-01 9.510565162951524210e-01 1.193505110845985318e+00 1.302183854566787424e+00 1.273474911367305173e+00 1.118990615624219975e+00
2.128147395874827597e-01 -1.800474900524388633e-01 -5.852712687567358518e-01 -9.579116908177598422e-01 -1.254363633950006829e+00 -1.437529806445051239e+00 -1.481386602185064127e+00 -1.374390827019095651e+00 -1.121298138393677535e+00 -7.431448254773934670e-01 -2.753572789589991965e-01 2.358268990399345899e-01 7.382417767076704385e-01 1.179438317071534570e+00 1.512455123323523498e+00 1.701056516295153642e+00 1.723835196735897135e+00 1.576702907405116205e+00 1.273474911367304507e+00 8.444715627858899731e-01 3.332873847869549655e-01 -2.079116908177605083e-01 -7.240335480600952334e-01 -1.163010753606721792e+00 -1.481386602185064127e+00 -1.648909879857424876e+00 -1.651628224283588686e+00 -1.493144825477394022e+00 -1.193915932502691790e+00 -7.886921537983936359e-01 -3.224183950721498659e-01 1.549192642332044567e-01 5.938964697798311265e-01 9.510565162951534202e-01 1.193505110845985984e+00 1.302183854566787424e+00
8.052765431922052075e-01 5.521838545667868692e-01 2.128147395874835368e-01 -1.800474900524387523e-01 -5.852712687567358518e-01 -9.579116908177589540e-01 -1.254363633950006385e+00 -1.437529806445051239e+00 -1.481386602185064127e+00 -1.374390827019095651e+00 -1.121298138393677535e+00 -7.431448254773944662e-01 -2.753572789589999181e-01 2.358268990399345899e-01 7.382417767076704385e-01 1.179438317071534126e+00 1.512455123323523276e+00 1.701056516295153642e+00 1.723835196735897135e+00 1.576702907405116205e+00 1.273474911367304507e+00 8.444715627858899731e-01 3.332873847869569639e-01 -2.079116908177583711e-01 -7.240335480600952334e-01 -1.163010753606721792e+00 -1.481386602185064127e+00 -1.648909879857424876e+00 -1.651628224283588686e+00 -1.493144825477394022e+00 -1.193915932502691790e+00 -7.886921537983949682e-01 -3.224183950721523084e-01 1.549192642332044567e-01 5.938964697798311265e-01 9.510565162951534202e-01
9.821250374336125688e-01 9.510565162951535312e-01 8.052765431922053185e-01 5.521838545667878684e-01 2.128147395874835368e-01 -1.800474900524376420e-01 -5.852712687567357408e-01 -9.579116908177589540e-01 -1.254363633950006385e+00 -1.437529806445051239e+00 -1.481386602185064127e+00 -1.374390827019095873e+00 -1.121298138393678423e+00 -7.431448254773944662e-01 -2.753572789589999181e-01 2.358268990399338128e-01 7.382417767076693282e-01 1.179438317071534126e+00 1.512455123323523276e+00 1.701056516295153642e+00 1.723835196735897135e+00 1.576702907405116205e+00 1.273474911367305840e+00 8.444715627858916385e-01 3.332873847869569639e-01 -2.079116908177583711e-01 -7.240335480600952334e-01 -1.163010753606721792e+00 -1.481386602185064127e+00 -1.648909879857424876e+00 -1.651628224283588686e+00 -1.493144825477394910e+00 -1.193915932502692900e+00 -7.886921537983949682e-01 -3.224183950721523084e-01 1.549192642332044567e-01
7.382417767076696613e-01 9.049192642332060110e-01 9.821250374336125688e-01 9.510565162951535312e-01 8.052765431922053185e-01 5.521838545667878684e-01 2.128147395874846470e-01 -1.800474900524376420e-01 -5.852712687567357408e-01 -9.579116908177589540e-01 -1.254363633950006385e+00 -1.437529806445050351e+00 -1.481386602185064127e+00 -1.374390827019095873e+00 -1.121298138393678423e+00 -7.431448254773950213e-01 -2.753572789590010284e-01 2.358268990399338128e-01 7.382417767076693282e-01 1.179438317071534126e+00 1.512455123323523276e+00 1.701056516295153642e+00 1.723835196735897135e+00 1.576702907405117093e+00 1.273474911367305840e+00 8.444715627858916385e-01 3.332873847869569639e-01 -2.079116908177583711e-01 -7.240335480600952334e-01 -1.163010753606721792e+00 -1.481386602185064127e+00 -1.648909879857424432e+00 -1.651628224283588908e+00 -1.493144825477394910e+00 -1.193915932502692900e+00 -7.886921537983949682e-01
2.549728069309107892e-01 5.103459518782652582e-01 7.382417767076708826e-01 9.049192642332060110e-01 9.821250374336119027e-01 9.510565162951535312e-01 8.052765431922052075e-01 5.521838545667868692e-01 2.128147395874827597e-01 -1.800474900524388633e-01 -5.852712687567368510e-01 -9.579116908177598422e-01 -1.254363633950006829e+00 -1.437529806445051239e+00 -1.481386602185064127e+00 -1.374390827019095651e+00 -1.121298138393677535e+00 -7.431448254773934670e-01 -2.753572789589991965e-01 2.358268990399357001e-01 7.382417767076716597e-01 1.179438317071535458e+00 1.512455123323523276e+00 1.701056516295153642e+00 1.723835196735897135e+00 1.576702907405116205e+00 1.273474911367304507e+00 8.444715627858899731e-01 3.332873847869549655e-01 -2.079116908177605083e-01 -7.240335480600971207e-01 -1.163010753606721792e+00 -1.481386602185064127e+00 -1.648909879857424876e+00 -1.651628224283588686e+00 -1.493144825477394022e+00
-2.027394848499856073e-01 6.855174522606422016e-03 2.549728069309107892e-01 5.103459518782638149e-01 7.382417767076708826e-01 9.049192642332060110e-01 9.821250374336125688e-01 9.510565162951535312e-01 8.052765431922052075e-01 5.521838545667868692e-01 2.128147395874827597e-01 -1.800474900524387523e-01 -5.852712687567358518e-01 -9.579116908177598422e-01 -1.254363633950006829e+00 -1.437529806445051239e+00 -1.481386602185064127e+00 -1.374390827019095651e+00 -1.121298138393677535e+00 -7.431448254773934670e-01 -2.753572789589991965e-01 2.358268990399357001e-01 7.382417767076693282e-01 1.179438317071534126e+00 1.512455123323523276e+00 1.701056516295153642e+00 1.723835196735897135e+00 1.576702907405116205e+00 1.273474911367304507e+00 8.444715627858899731e-01 3.332873847869549655e-01 -2.079116908177583711e-01 -7.240335480600952334e-01 -1.163010753606721792e+00 -1.481386602185064127e+00 -1.648909879857424876e+00
-4.207264304052430459e-01 -3.498717741807667592e-01 -2.027394848499856073e-01 6.855174522605200771e-03 2.549728069309107892e-01 5.103459518782638149e-01 7.382417767076696613e-01 9.049192642332060110e-01 9.821250374336125688e-01 9.510565162951535312e-01 8.052765431922052075e-01 5.521838545667878684e-01 2.128147395874835368e-01 -1.800474900524387523e-01 -5.852712687567358518e-01 -9.579116908177589540e-01 -1.254363633950006385e+00 -1.437529806445051239e+00 -1.481386602185064127e+00 -1.374390827019095651e+00 -1.121298138393677535e+00 -7.431448254773934670e-01 -2.753572789590010284e-01 2.358268990399338128e-01 7.382417767076693282e-01 1.179438317071534126e+00 1.512455123323523276e+00 1.701056516295153642e+00 1.723835196735897135e+00 1.576702907405116205e+00 1.273474911367304507e+00 8.444715627858916385e-01 3.332873847869569639e-01 -2.079116908177583711e-01 -7.240335480600952334e-01 -1.163010753606721792e+00
-3.358049804063140131e-01 -4.130107536067220142e-01 -4.207264304052430459e-01 -3.498717741807672033e-01 -2.027394848499856073e-01 6.855174522605200771e-03 2.549728069309094014e-01 5.103459518782638149e-01 7.382417767076696613e-01 9.049192642332060110e-01 9.821250374336125688e-01 9.510565162951535312e-01 8.052765431922053185e-01 5.521838545667878684e-01 2.128147395874835368e-01 -1.800474900524376420e-01 -5.852712687567357408e-01 -9.579116908177589540e-01 -1.254363633950006385e+00 -1.437529806445051239e+00 -1.481386602185064127e+00 -1.374390827019095651e+00 -1.121298138393678645e+00 -7.431448254773950213e-01 -2.753572789590010284e-01 2.358268990399338128e-01 7.382417767076693282e-01 1.179438317071534126e+00 1.512455123323523276e+00 1.701056516295153642e+00 1.723835196735897135e+00 1.576702907405117093e+00 1.273474911367305840e+00 8.444715627858916385e-01 3.332873847869569639e-01 -2.079116908177583711e-01
-5.494118286682675434e-02 -2.079116908177600920e-01 -3.358049804063147903e-01 -4.130107536067215701e-01 -4.207264304052430459e-01 -3.498717741807667592e-01 -2.027394848499856073e-01 6.855174522606422016e-03 2.549728069309107892e-01 5.103459518782652582e-01 7.382417767076708826e-01 9.049192642332060110e-01 9.821250374336119027e-01 9.510565162951528650e-01 8.052765431922045414e-01 5.521838545667868692e-01 2.128147395874827597e-01 -1.800474900524388633e-01 -5.852712687567368510e-01 -9.579116908177607304e-01 -1.254363633950006829e+00 -1.437529806445051683e+00 -1.481386602185064127e+00 -1.374390827019095651e+00 -1.121298138393677535e+00 -7.431448254773934670e-01 -2.753572789589991965e-01 2.358268990399357001e-01 7.382417767076716597e-01 1.179438317071535458e+00 1.512455123323524164e+00 1.701056516295153642e+00 1.723835196735897135e+00 1.576702907405116205e+00 1.273474911367304507e+00 8.444715627858899731e-01
2.128147395874834258e-01 9.447156278589069478e-02 -5.494118286682675434e-02 -2.079116908177600920e-01 -3.358049804063140131e-01 -4.130107536067220142e-01 -4.207264304052430459e-01 -3.498717741807667592e-01 -2.027394848499856073e-01 6.855174522606422016e-03 2.549728069309107892e-01 5.103459518782638149e-01 7.382417767076708826e-01 9.049192642332060110e-01 9.821250374336119027e-01 9.510565162951535312e-01 8.052765431922052075e-01 5.521838545667868692e-01 2.128147395874827597e-01 -1.800474900524388633e-01 -5.852712687567368510e-01 -9.579116908177607304e-01 -1.254363633950006385e+00 -1.437529806445051239e+00 -1.481386602185064127e+00 -1.374390827019095651e+00 -1.121298138393677535e+00 -7.431448254773934670e-01 -2.753572789589991965e-01 2.358268990399357001e-01 7.382417767076716597e-01 1.179438317071534126e+00 1.512455123323523276e+00 1.701056516295153642e+00 1.723835196735897135e+00 1.576702907405116205e+00
2.749464573022945002e-01 2.776648017284577552e-01 2.128147395874834258e-01 9.447156278589069478e-02 -5.494118286682497798e-02 -2.079116908177590095e-01 -3.358049804063140131e-01 -4.130107536067220142e-01 -4.207264304052430459e-01 -3.498717741807667592e-01 -2.027394848499856073e-01 6.855174522605200771e-03 2.549728069309107892e-01 5.103459518782638149e-01 7.382417767076708826e-01 9.049192642332060110e-01 9.821250374336125688e-01 9.510565162951535312e-01 8.052765431922052075e-01 5.521838545667868692e-01 2.128147395874827597e-01 -1.800474900524388633e-01 -5.852712687567357408e-01 -9.579116908177589540e-01 -1.254363633950006385e+00 -1.437529806445051239e+00 -1.481386602185064127e+00 -1.374390827019095651e+00 -1.121298138393677535e+00 -7.431448254773934670e-01 -2.753572789589991965e-01 2.358268990399338128e-01 7.382417767076693282e-01 1.179438317071534126e+00 1.512455123323523276e+00 1.701056516295153642e+00
