1.706071553164465238e+00 1.737688340595137770e+00 1.599064076856197003e+00 1.305578081828836279e+00 8.886980354352107536e-01 3.924524064372836296e-01 -1.314538706302661453e-01 -6.293203910498372800e-01 -1.051281584529002666e+00 -1.356627183447664198e+00 -1.518018426485048256e+00 -1.524138759977724966e+00 -1.380503398707308538e+00 -1.108367949545299824e+00 -7.418967761540845585e-01 -3.239508983811728582e-01 9.899030515992590651e-02 4.821673007021117785e-01 7.875128996207734211e-01 9.876883405951376593e-01 1.068733990966285852e+00 1.031059028990507498e+00 8.886980354352116418e-01 6.669714592756131877e-01 3.988762152596447841e-01 1.206796089501631641e-01 -1.327229309853104056e-01 -3.321081306093349728e-01 -4.573582547052271741e-01 -4.996197071393961853e-01 -4.619447451636156110e-01 -3.583679495453016561e-01 -2.115666902641764879e-01 -4.943184554284246746e-02 9.899030515992734980e-02 2.076482478637828866e-01
1.159650476939748431e+00 1.506686353540441337e+00 1.706071553164465238e+00 1.737688340595137770e+00 1.599064076856197003e+00 1.305578081828836279e+00 8.886980354352107536e-01 3.924524064372836296e-01 -1.314538706302661453e-01 -6.293203910498377240e-01 -1.051281584529003332e+00 -1.356627183447663754e+00 -1.518018426485048256e+00 -1.524138759977724966e+00 -1.380503398707308538e+00 -1.108367949545300712e+00 -7.418967761540846695e-01 -3.239508983811727472e-01 9.899030515992690571e-02 4.821673007021128332e-01 7.875128996207735321e-01 9.876883405951376593e-01 1.068733990966286074e+00 1.031059028990507498e+00 8.886980354352116418e-01 6.669714592756126326e-01 3.988762152596447841e-01 1.206796089501618319e-01 -1.327229309853104056e-01 -3.321081306093354168e-01 -4.573582547052271741e-01 -4.996197071393957412e-01 -4.619447451636156110e-01 -3.583679495453016561e-01 -2.115666902641729352e-01 -4.943184554284246746e-02
1.766618773896073691e-01 7.005681544571566999e-01 1.159650476939748431e+00 1.506686353540441337e+00 1.706071553164465238e+00 1.737688340595137770e+00 1.599064076856197003e+00 1.305578081828836279e+00 8.886980354352107536e-01 3.924524064372831855e-01 -1.314538706302667004e-01 -6.293203910498372800e-01 -1.051281584529002666e+00 -1.356627183447664198e+00 -1.518018426485048256e+00 -1.524138759977724966e+00 -1.380503398707308538e+00 -1.108367949545299824e+00 -7.418967761540845585e-01 -3.239508983811715814e-01 9.899030515992801593e-02 4.821673007021128332e-01 7.875128996207734211e-01 9.876883405951376593e-01 1.068733990966285852e+00 1.031059028990507498e+00 8.886980354352104206e-01 6.669714592756126326e-01 3.988762152596433408e-01 1.206796089501618319e-01 -1.327229309853114048e-01 -3.321081306093349728e-01 -4.573582547052271741e-01 -4.996197071393961853e-01 -4.619447451636156110e-01 -3.583679495452989916e-01
-8.501733128173973864e-01 -3.583679495452999353e-01 1.766618773896073691e-01 7.005681544571566999e-01 1.159650476939748431e+00 1.506686353540441337e+00 1.706071553164465238e+00 1.737688340595137770e+00 1.599064076856197003e+00 1.305578081828836057e+00 8.886980354352104206e-01 3.924524064372836296e-01 -1.314538706302661453e-01 -6.293203910498377240e-01 -1.051281584529003332e+00 -1.356627183447663754e+00 -1.518018426485048256e+00 -1.524138759977724966e+00 -1.380503398707308538e+00 -1.108367949545299824e+00 -7.418967761540845585e-01 -3.239508983811715814e-01 9.899030515992590651e-02 4.821673007021117785e-01 7.875128996207734211e-01 9.876883405951376593e-01 1.068733990966285852e+00 1.031059028990507498e+00 8.886980354352104206e-01 6.669714592756126326e-01 3.988762152596433408e-01 1.206796089501631641e-01 -1.327229309853104056e-01 -3.321081306093349728e-01 -4.573582547052271741e-01 -4.996197071393961853e-01
-1.518018426485048256e+00 -1.249619707139396185e+00 -8.501733128173981635e-01 -3.583679495453005459e-01 1.766618773896073691e-01 7.005681544571564778e-01 1.159650476939747987e+00 1.506686353540441337e+00 1.706071553164465238e+00 1.737688340595137770e+00 1.599064076856197003e+00 1.305578081828836723e+00 8.886980354352111977e-01 3.924524064372836296e-01 -1.314538706302661453e-01 -6.293203910498366138e-01 -1.051281584529002444e+00 -1.356627183447663754e+00 -1.518018426485048256e+00 -1.524138759977724966e+00 -1.380503398707308538e+00 -1.108367949545299824e+00 -7.418967761540856687e-01 -3.239508983811728582e-01 9.899030515992590651e-02 4.821673007021117785e-01 7.875128996207734211e-01 9.876883405951376593e-01 1.068733990966285852e+00 1.031059028990507498e+00 8.886980354352104206e-01 6.669714592756131877e-01 3.988762152596447841e-01 1.206796089501631641e-01 -1.327229309853104056e-01 -3.321081306093349728e-01
-1.581611670418913373e+00 -1.631146236285992757e+00 -1.518018426485048256e+00 -1.249619707139395519e+00 -8.501733128173973864e-01 -3.583679495452999353e-01 1.766618773896075356e-01 7.005681544571566999e-01 1.159650476939748431e+00 1.506686353540441559e+00 1.706071553164465460e+00 1.737688340595137770e+00 1.599064076856197003e+00 1.305578081828836057e+00 8.886980354352104206e-01 3.924524064372836296e-01 -1.314538706302661453e-01 -6.293203910498377240e-01 -1.051281584529003332e+00 -1.356627183447664198e+00 -1.518018426485048256e+00 -1.524138759977724522e+00 -1.380503398707308760e+00 -1.108367949545300712e+00 -7.418967761540846695e-01 -3.239508983811727472e-01 9.899030515992690571e-02 4.821673007021128332e-01 7.875128996207735321e-01 9.876883405951376593e-01 1.068733990966286740e+00 1.031059028990507498e+00 8.886980354352116418e-01 6.669714592756126326e-01 3.988762152596447841e-01 1.206796089501618319e-01
-1.050012524173957962e+00 -1.379320391049837280e+00 -1.581611670418913596e+00 -1.631146236285992757e+00 -1.518018426485048256e+00 -1.249619707139396185e+00 -8.501733128173974974e-01 -3.583679495453005459e-01 1.766618773896073691e-01 7.005681544571566999e-01 1.159650476939748431e+00 1.506686353540441337e+00 1.706071553164465238e+00 1.737688340595137770e+00 1.599064076856197003e+00 1.305578081828836723e+00 8.886980354352111977e-01 3.924524064372836296e-01 -1.314538706302661453e-01 -6.293203910498377240e-01 -1.051281584529003332e+00 -1.356627183447664198e+00 -1.518018426485048256e+00 -1.524138759977724966e+00 -1.380503398707308760e+00 -1.108367949545300712e+00 -7.418967761540846695e-01 -3.239508983811727472e-01 9.899030515992690571e-02 4.821673007021128332e-01 7.875128996207735321e-01 9.876883405951371042e-01 1.068733990966286074e+00 1.031059028990507498e+00 8.886980354352116418e-01 6.669714592756126326e-01
-1.719621363446114382e-01 -6.320666464010461505e-01 -1.050012524173957962e+00 -1.379320391049837724e+00 -1.581611670418913373e+00 -1.631146236285992757e+00 -1.518018426485047812e+00 -1.249619707139395519e+00 -8.501733128173973864e-01 -3.583679495452992136e-01 1.766618773896081462e-01 7.005681544571566999e-01 1.159650476939748431e+00 1.506686353540441559e+00 1.706071553164465460e+00 1.737688340595137770e+00 1.599064076856197003e+00 1.305578081828836057e+00 8.886980354352104206e-01 3.924524064372826304e-01 -1.314538706302670890e-01 -6.293203910498385012e-01 -1.051281584529002444e+00 -1.356627183447663754e+00 -1.518018426485048256e+00 -1.524138759977724966e+00 -1.380503398707308538e+00 -1.108367949545299824e+00 -7.418967761540845585e-01 -3.239508983811715814e-01 9.899030515992801593e-02 4.821673007021117785e-01 7.875128996207734211e-01 9.876883405951376593e-01 1.068733990966285852e+00 1.031059028990507498e+00
6.805054233125049645e-01 2.810590289905067207e-01 -1.719621363446103834e-01 -6.320666464010460395e-01 -1.050012524173957962e+00 -1.379320391049837280e+00 -1.581611670418913596e+00 -1.631146236285992757e+00 -1.518018426485048256e+00 -1.249619707139395519e+00 -8.501733128173973864e-01 -3.583679495453005459e-01 1.766618773896073691e-01 7.005681544571566999e-01 1.159650476939748431e+00 1.506686353540441337e+00 1.706071553164465238e+00 1.737688340595137770e+00 1.599064076856197003e+00 1.305578081828836057e+00 8.886980354352104206e-01 3.924524064372826304e-01 -1.314538706302651461e-01 -6.293203910498366138e-01 -1.051281584529002444e+00 -1.356627183447663754e+00 -1.518018426485048256e+00 -1.524138759977724966e+00 -1.380503398707308538e+00 -1.108367949545299824e+00 -7.418967761540845585e-01 -3.239508983811728582e-01 9.899030515992590651e-02 4.821673007021117785e-01 7.875128996207734211e-01 9.876883405951376593e-01
1.175741467274554086e+00 9.876883405951375483e-01 6.805054233125054086e-01 2.810590289905079975e-01 -1.719621363446103834e-01 -6.320666464010448182e-01 -1.050012524173957740e+00 -1.379320391049837280e+00 -1.581611670418913596e+00 -1.631146236285992757e+00 -1.518018426485048256e+00 -1.249619707139396185e+00 -8.501733128173981635e-01 -3.583679495453005459e-01 1.766618773896073691e-01 7.005681544571559227e-01 1.159650476939747543e+00 1.506686353540441337e+00 1.706071553164465238e+00 1.737688340595137770e+00 1.599064076856197003e+00 1.305578081828836057e+00 8.886980354352121969e-01 3.924524064372845178e-01 -1.314538706302651461e-01 -6.293203910498366138e-01 -1.051281584529002444e+00 -1.356627183447663754e+00 -1.518018426485048256e+00 -1.524138759977724966e+00 -1.380503398707308538e+00 -1.108367949545301379e+00 -7.418967761540856687e-01 -3.239508983811728582e-01 9.899030515992590651e-02 4.821673007021117785e-01
1.159650476939748431e+00 1.232167300702112556e+00 1.175741467274554086e+00 9.876883405951375483e-01 6.805054233125054086e-01 2.810590289905079975e-01 -1.719621363446091067e-01 -6.320666464010448182e-01 -1.050012524173957740e+00 -1.379320391049837280e+00 -1.581611670418913596e+00 -1.631146236285993201e+00 -1.518018426485048700e+00 -1.249619707139396185e+00 -8.501733128173981635e-01 -3.583679495453012676e-01 1.766618773896061478e-01 7.005681544571559227e-01 1.159650476939747543e+00 1.506686353540441337e+00 1.706071553164465238e+00 1.737688340595137770e+00 1.599064076856197669e+00 1.305578081828837389e+00 8.886980354352121969e-01 3.924524064372845178e-01 -1.314538706302651461e-01 -6.293203910498366138e-01 -1.051281584529002444e+00 -1.356627183447663754e+00 -1.518018426485048256e+00 -1.524138759977725188e+00 -1.380503398707309426e+00 -1.108367949545301379e+00 -7.418967761540856687e-01 -3.239508983811728582e-01
7.069919632795189646e-01 9.750872072954863690e-01 1.159650476939747987e+00 1.232167300702112556e+00 1.175741467274553864e+00 9.876883405951375483e-01 6.805054233125049645e-01 2.810590289905067207e-01 -1.719621363446114382e-01 -6.320666464010461505e-01 -1.050012524173958850e+00 -1.379320391049837724e+00 -1.581611670418913373e+00 -1.631146236285992979e+00 -1.518018426485047812e+00 -1.249619707139395519e+00 -8.501733128173973864e-01 -3.583679495452992136e-01 1.766618773896081462e-01 7.005681544571578101e-01 1.159650476939749542e+00 1.506686353540442225e+00 1.706071553164465238e+00 1.737688340595137770e+00 1.599064076856197003e+00 1.305578081828836057e+00 8.886980354352104206e-01 3.924524064372826304e-01 -1.314538706302670890e-01 -6.293203910498385012e-01 -1.051281584529003998e+00 -1.356627183447663754e+00 -1.518018426485048256e+00 -1.524138759977724966e+00 -1.380503398707308538e+00 -1.108367949545299824e+00
6.838534072629565141e-02 3.916320504547014525e-01 7.069919632795189646e-01 9.750872072954868131e-01 1.159650476939747987e+00 1.232167300702112556e+00 1.175741467274554086e+00 9.876883405951375483e-01 6.805054233125049645e-01 2.810590289905067207e-01 -1.719621363446114382e-01 -6.320666464010460395e-01 -1.050012524173957962e+00 -1.379320391049837724e+00 -1.581611670418913373e+00 -1.631146236285992757e+00 -1.518018426485048256e+00 -1.249619707139395519e+00 -8.501733128173973864e-01 -3.583679495452992136e-01 1.766618773896081462e-01 7.005681544571578101e-01 1.159650476939747543e+00 1.506686353540441337e+00 1.706071553164465238e+00 1.737688340595137770e+00 1.599064076856197003e+00 1.305578081828836057e+00 8.886980354352104206e-01 3.924524064372826304e-01 -1.314538706302670890e-01 -6.293203910498366138e-01 -1.051281584529002444e+00 -1.356627183447663754e+00 -1.518018426485048256e+00 -1.524138759977724966e+00
-4.573582547052270630e-01 -2.251006543010671823e-01 6.838534072629565141e-02 3.916320504546981218e-01 7.069919632795189646e-01 9.750872072954868131e-01 1.159650476939748431e+00 1.232167300702112556e+00 1.175741467274554086e+00 9.876883405951375483e-01 6.805054233125049645e-01 2.810590289905079975e-01 -1.719621363446103834e-01 -6.320666464010460395e-01 -1.050012524173957962e+00 -1.379320391049837280e+00 -1.581611670418913596e+00 -1.631146236285992757e+00 -1.518018426485048256e+00 -1.249619707139395519e+00 -8.501733128173973864e-01 -3.583679495452992136e-01 1.766618773896061478e-01 7.005681544571559227e-01 1.159650476939747543e+00 1.506686353540441337e+00 1.706071553164465238e+00 1.737688340595137770e+00 1.599064076856197003e+00 1.305578081828836057e+00 8.886980354352104206e-01 3.924524064372845178e-01 -1.314538706302651461e-01 -6.293203910498366138e-01 -1.051281584529002444e+00 -1.356627183447663754e+00
-6.630530168752218900e-01 -6.066271834476635316e-01 -4.573582547052270630e-01 -2.251006543010676264e-01 6.838534072629565141e-02 3.916320504546981218e-01 7.069919632795156339e-01 9.750872072954868131e-01 1.159650476939748431e+00 1.232167300702112556e+00 1.175741467274554086e+00 9.876883405951375483e-01 6.805054233125054086e-01 2.810590289905079975e-01 -1.719621363446103834e-01 -6.320666464010448182e-01 -1.050012524173957740e+00 -1.379320391049837280e+00 -1.581611670418913596e+00 -1.631146236285992757e+00 -1.518018426485048256e+00 -1.249619707139395519e+00 -8.501733128173992737e-01 -3.583679495453012676e-01 1.766618773896061478e-01 7.005681544571559227e-01 1.159650476939747543e+00 1.506686353540441337e+00 1.706071553164465238e+00 1.737688340595137770e+00 1.599064076856197003e+00 1.305578081828837389e+00 8.886980354352121969e-01 3.924524064372845178e-01 -1.314538706302651461e-01 -6.293203910498366138e-01
-5.196824382840479206e-01 -6.293203910498371689e-01 -6.630530168752212239e-01 -6.066271834476630875e-01 -4.573582547052270630e-01 -2.251006543010671823e-01 6.838534072629565141e-02 3.916320504547014525e-01 7.069919632795189646e-01 9.750872072954863690e-01 1.159650476939747987e+00 1.232167300702112556e+00 1.175741467274553864e+00 9.876883405951367711e-01 6.805054233125042984e-01 2.810590289905067207e-01 -1.719621363446114382e-01 -6.320666464010461505e-01 -1.050012524173958850e+00 -1.379320391049838612e+00 -1.581611670418914262e+00 -1.631146236285992757e+00 -1.518018426485048256e+00 -1.249619707139395519e+00 -8.501733128173973864e-01 -3.583679495452992136e-01 1.766618773896081462e-01 7.005681544571578101e-01 1.159650476939749542e+00 1.506686353540442225e+00 1.706071553164465460e+00 1.737688340595137770e+00 1.599064076856197003e+00 1.305578081828836057e+00 8.886980354352104206e-01 3.924524064372826304e-01
-1.719621363446116047e-01 -3.575475935627174806e-01 -5.196824382840479206e-01 -6.293203910498371689e-01 -6.630530168752218900e-01 -6.066271834476635316e-01 -4.573582547052270630e-01 -2.251006543010671823e-01 6.838534072629565141e-02 3.916320504547014525e-01 7.069919632795189646e-01 9.750872072954868131e-01 1.159650476939747987e+00 1.232167300702112556e+00 1.175741467274553864e+00 9.876883405951375483e-01 6.805054233125049645e-01 2.810590289905067207e-01 -1.719621363446114382e-01 -6.320666464010461505e-01 -1.050012524173958850e+00 -1.379320391049838612e+00 -1.581611670418913596e+00 -1.631146236285992757e+00 -1.518018426485048256e+00 -1.249619707139395519e+00 -8.501733128173973864e-01 -3.583679495452992136e-01 1.766618773896081462e-01 7.005681544571578101e-01 1.159650476939749542e+00 1.506686353540441337e+00 1.706071553164465238e+00 1.737688340595137770e+00 1.599064076856197003e+00 1.305578081828836057e+00
1.501753374225949234e-01 6.539976152176385504e-03 -1.719621363446116047e-01 -3.575475935627174806e-01 -5.196824382840479206e-01 -6.293203910498378351e-01 -6.630530168752218900e-01 -6.066271834476635316e-01 -4.573582547052270630e-01 -2.251006543010671823e-01 6.838534072629565141e-02 3.916320504546981218e-01 7.069919632795189646e-01 9.750872072954868131e-01 1.159650476939747987e+00 1.232167300702112556e+00 1.175741467274554086e+00 9.876883405951375483e-01 6.805054233125049645e-01 2.810590289905067207e-01 -1.719621363446114382e-01 -6.320666464010461505e-01 -1.050012524173957740e+00 -1.379320391049837280e+00 -1.581611670418913596e+00 -1.631146236285992757e+00 -1.518018426485048256e+00 -1.249619707139395519e+00 -8.501733128173973864e-01 -3.583679495452992136e-01 1.766618773896081462e-01 7.005681544571559227e-01 1.159650476939747543e+00 1.506686353540441337e+00 1.706071553164465238e+00 1.737688340595137770e+00
