2.396347494704643144e-01 5.935655349597692698e-01 9.152533650933462051e-01 1.164557127748383270e+00 1.307476047346881609e+00 1.320518575599316957e+00 1.193961978983281824e+00 9.335804264972017430e-01 5.605952963958815705e-01 1.098096202463365034e-01 -3.738956208496797551e-01 -8.403280482148738351e-01 -1.239482444626855528e+00 -1.527145961456971346e+00 -1.669962945316117997e+00 -1.649366747994720495e+00 -1.463910512387113005e+00 -1.129709580222772569e+00 -6.789239040732280017e-01 -1.564344650402311188e-01 3.849232792034353867e-01 8.900380749100542666e-01 1.307476047346880055e+00 1.595037628437645294e+00 1.724292064873192309e+00 1.683580426497202076e+00 1.479153949939574053e+00 1.134328673084665784e+00 6.867645509301418816e-01 1.841910046234562781e-01 -3.209237910831642671e-01 -7.771459614569691254e-01 -1.139632859426206402e+00 -1.374847695156390603e+00 -1.463910512387111673e+00 -1.404228633061101350e+00
-4.032503406072908136e-01 -1.051905273844430111e-01 2.396347494704643144e-01 5.935655349597692698e-01 9.152533650933462051e-01 1.164557127748383270e+00 1.307476047346881609e+00 1.320518575599316957e+00 1.193961978983281824e+00 9.335804264972015210e-01 5.605952963958810153e-01 1.098096202463371696e-01 -3.738956208496797551e-01 -8.403280482148738351e-01 -1.239482444626855528e+00 -1.527145961456970680e+00 -1.669962945316118219e+00 -1.649366747994720495e+00 -1.463910512387112339e+00 -1.129709580222771237e+00 -6.789239040732272246e-01 -1.564344650402311188e-01 3.849232792034329442e-01 8.900380749100542666e-01 1.307476047346880055e+00 1.595037628437645960e+00 1.724292064873192309e+00 1.683580426497201410e+00 1.479153949939574053e+00 1.134328673084665340e+00 6.867645509301418816e-01 1.841910046234567222e-01 -3.209237910831642671e-01 -7.771459614569691254e-01 -1.139632859426206846e+00 -1.374847695156390603e+00
-7.514042917724264026e-01 -6.248476951563911586e-01 -4.032503406072908136e-01 -1.051905273844430111e-01 2.396347494704647030e-01 5.935655349597692698e-01 9.152533650933462051e-01 1.164557127748383270e+00 1.307476047346881609e+00 1.320518575599316735e+00 1.193961978983281602e+00 9.335804264972017430e-01 5.605952963958815705e-01 1.098096202463365034e-01 -3.738956208496797551e-01 -8.403280482148738351e-01 -1.239482444626855528e+00 -1.527145961456971346e+00 -1.669962945316117997e+00 -1.649366747994720050e+00 -1.463910512387111673e+00 -1.129709580222771237e+00 -6.789239040732280017e-01 -1.564344650402311188e-01 3.849232792034353867e-01 8.900380749100542666e-01 1.307476047346881609e+00 1.595037628437645960e+00 1.724292064873192531e+00 1.683580426497201410e+00 1.479153949939572721e+00 1.134328673084665784e+00 6.867645509301418816e-01 1.841910046234562781e-01 -3.209237910831642671e-01 -7.771459614569709018e-01
-7.091523587369448212e-01 -7.771459614569707908e-01 -7.514042917724264026e-01 -6.248476951563911586e-01 -4.032503406072908136e-01 -1.051905273844430111e-01 2.396347494704647030e-01 5.935655349597692698e-01 9.152533650933462051e-01 1.164557127748383270e+00 1.307476047346881831e+00 1.320518575599316957e+00 1.193961978983281824e+00 9.335804264972015210e-01 5.605952963958810153e-01 1.098096202463371696e-01 -3.738956208496797551e-01 -8.403280482148738351e-01 -1.239482444626855528e+00 -1.527145961456971346e+00 -1.669962945316117997e+00 -1.649366747994720050e+00 -1.463910512387113005e+00 -1.129709580222772569e+00 -6.789239040732280017e-01 -1.564344650402311188e-01 3.849232792034353867e-01 8.900380749100542666e-01 1.307476047346881609e+00 1.595037628437645960e+00 1.724292064873192531e+00 1.683580426497202076e+00 1.479153949939574053e+00 1.134328673084665784e+00 6.867645509301418816e-01 1.841910046234562781e-01
-3.738956208496799771e-01 -5.658089953765448321e-01 -7.091523587369452652e-01 -7.771459614569709018e-01 -7.514042917724264026e-01 -6.248476951563913806e-01 -4.032503406072909247e-01 -1.051905273844430111e-01 2.396347494704643144e-01 5.935655349597692698e-01 9.152533650933462051e-01 1.164557127748383270e+00 1.307476047346881387e+00 1.320518575599316957e+00 1.193961978983281824e+00 9.335804264972022981e-01 5.605952963958816815e-01 1.098096202463371696e-01 -3.738956208496797551e-01 -8.403280482148738351e-01 -1.239482444626855528e+00 -1.527145961456971346e+00 -1.669962945316117997e+00 -1.649366747994720495e+00 -1.463910512387113005e+00 -1.129709580222772569e+00 -6.789239040732280017e-01 -1.564344650402311188e-01 3.849232792034353867e-01 8.900380749100542666e-01 1.307476047346881609e+00 1.595037628437645294e+00 1.724292064873192309e+00 1.683580426497202076e+00 1.479153949939574053e+00 1.134328673084665784e+00
3.026521050597075213e-02 -1.647094325919917779e-01 -3.738956208496799771e-01 -5.658089953765453872e-01 -7.091523587369448212e-01 -7.771459614569707908e-01 -7.514042917724261805e-01 -6.248476951563911586e-01 -4.032503406072908136e-01 -1.051905273844425670e-01 2.396347494704647030e-01 5.935655349597692698e-01 9.152533650933462051e-01 1.164557127748383270e+00 1.307476047346881831e+00 1.320518575599316957e+00 1.193961978983281824e+00 9.335804264972015210e-01 5.605952963958810153e-01 1.098096202463365034e-01 -3.738956208496808653e-01 -8.403280482148749453e-01 -1.239482444626855084e+00 -1.527145961456970680e+00 -1.669962945316118219e+00 -1.649366747994720495e+00 -1.463910512387112339e+00 -1.129709580222771237e+00 -6.789239040732272246e-01 -1.564344650402311188e-01 3.849232792034375517e-01 8.900380749100542666e-01 1.307476047346880055e+00 1.595037628437645960e+00 1.724292064873192309e+00 1.683580426497201410e+00
2.754033254395900077e-01 1.835804264972018540e-01 3.026521050597064111e-02 -1.647094325919917779e-01 -3.738956208496799771e-01 -5.658089953765448321e-01 -7.091523587369449322e-01 -7.771459614569709018e-01 -7.514042917724264026e-01 -6.248476951563911586e-01 -4.032503406072908136e-01 -1.051905273844430111e-01 2.396347494704643144e-01 5.935655349597692698e-01 9.152533650933462051e-01 1.164557127748383270e+00 1.307476047346881387e+00 1.320518575599316957e+00 1.193961978983281824e+00 9.335804264972015210e-01 5.605952963958810153e-01 1.098096202463365034e-01 -3.738956208496786449e-01 -8.403280482148732800e-01 -1.239482444626855084e+00 -1.527145961456970680e+00 -1.669962945316118219e+00 -1.649366747994720495e+00 -1.463910512387112339e+00 -1.129709580222771237e+00 -6.789239040732272246e-01 -1.564344650402326731e-01 3.849232792034329442e-01 8.900380749100542666e-01 1.307476047346880055e+00 1.595037628437645960e+00
2.468158755670610827e-01 2.959995227609880653e-01 2.754033254395900077e-01 1.835804264972015210e-01 3.026521050597075213e-02 -1.647094325919917779e-01 -3.738956208496806433e-01 -5.658089953765453872e-01 -7.091523587369448212e-01 -7.771459614569710128e-01 -7.514042917724262916e-01 -6.248476951563911586e-01 -4.032503406072908136e-01 -1.051905273844425670e-01 2.396347494704647030e-01 5.935655349597692698e-01 9.152533650933462051e-01 1.164557127748383270e+00 1.307476047346881831e+00 1.320518575599316957e+00 1.193961978983281380e+00 9.335804264972010769e-01 5.605952963958816815e-01 1.098096202463371696e-01 -3.738956208496797551e-01 -8.403280482148738351e-01 -1.239482444626855528e+00 -1.527145961456971346e+00 -1.669962945316117997e+00 -1.649366747994720050e+00 -1.463910512387111673e+00 -1.129709580222772569e+00 -6.789239040732280017e-01 -1.564344650402311188e-01 3.849232792034353867e-01 8.900380749100542666e-01
-3.305288450344806561e-03 1.400380749100542666e-01 2.468158755670601945e-01 2.959995227609881763e-01 2.754033254395900077e-01 1.835804264972018540e-01 3.026521050597064111e-02 -1.647094325919917779e-01 -3.738956208496799771e-01 -5.658089953765453872e-01 -7.091523587369448212e-01 -7.771459614569709018e-01 -7.514042917724264026e-01 -6.248476951563911586e-01 -4.032503406072908136e-01 -1.051905273844430111e-01 2.396347494704643144e-01 5.935655349597692698e-01 9.152533650933462051e-01 1.164557127748383270e+00 1.307476047346881831e+00 1.320518575599316957e+00 1.193961978983282268e+00 9.335804264972022981e-01 5.605952963958816815e-01 1.098096202463371696e-01 -3.738956208496797551e-01 -8.403280482148738351e-01 -1.239482444626855528e+00 -1.527145961456971346e+00 -1.669962945316117997e+00 -1.649366747994720495e+00 -1.463910512387113005e+00 -1.129709580222772569e+00 -6.789239040732280017e-01 -1.564344650402311188e-01
-2.906953364194468925e-01 -1.564344650402315073e-01 -3.305288450346555162e-03 1.400380749100533229e-01 2.468158755670601945e-01 2.959995227609879542e-01 2.754033254395901187e-01 1.835804264972018540e-01 3.026521050597064111e-02 -1.647094325919917779e-01 -3.738956208496799771e-01 -5.658089953765448321e-01 -7.091523587369452652e-01 -7.771459614569709018e-01 -7.514042917724264026e-01 -6.248476951563914916e-01 -4.032503406072913688e-01 -1.051905273844430111e-01 2.396347494704643144e-01 5.935655349597692698e-01 9.152533650933462051e-01 1.164557127748383270e+00 1.307476047346881387e+00 1.320518575599316957e+00 1.193961978983282268e+00 9.335804264972022981e-01 5.605952963958816815e-01 1.098096202463371696e-01 -3.738956208496797551e-01 -8.403280482148738351e-01 -1.239482444626855528e+00 -1.527145961456970014e+00 -1.669962945316117997e+00 -1.649366747994720495e+00 -1.463910512387113005e+00 -1.129709580222772569e+00
-4.032503406072910357e-01 -3.797095802227716810e-01 -2.906953364194468925e-01 -1.564344650402315073e-01 -3.305288450346555162e-03 1.400380749100533229e-01 2.468158755670595284e-01 2.959995227609879542e-01 2.754033254395901187e-01 1.835804264972018540e-01 3.026521050597064111e-02 -1.647094325919919999e-01 -3.738956208496793110e-01 -5.658089953765448321e-01 -7.091523587369452652e-01 -7.771459614569712349e-01 -7.514042917724264026e-01 -6.248476951563914916e-01 -4.032503406072913688e-01 -1.051905273844430111e-01 2.396347494704643144e-01 5.935655349597692698e-01 9.152533650933449838e-01 1.164557127748382381e+00 1.307476047346881387e+00 1.320518575599316957e+00 1.193961978983282268e+00 9.335804264972022981e-01 5.605952963958816815e-01 1.098096202463371696e-01 -3.738956208496797551e-01 -8.403280482148722808e-01 -1.239482444626854196e+00 -1.527145961456970014e+00 -1.669962945316117997e+00 -1.649366747994720495e+00
-2.210742058825162504e-01 -3.503286423180624887e-01 -4.032503406072914798e-01 -3.797095802227716810e-01 -2.906953364194460043e-01 -1.564344650402315073e-01 -3.305288450344806561e-03 1.400380749100542666e-01 2.468158755670610827e-01 2.959995227609880653e-01 2.754033254395898966e-01 1.835804264972015210e-01 3.026521050597075213e-02 -1.647094325919924440e-01 -3.738956208496806433e-01 -5.658089953765453872e-01 -7.091523587369448212e-01 -7.771459614569710128e-01 -7.514042917724262916e-01 -6.248476951563909365e-01 -4.032503406072902585e-01 -1.051905273844419009e-01 2.396347494704643144e-01 5.935655349597692698e-01 9.152533650933462051e-01 1.164557127748383270e+00 1.307476047346881831e+00 1.320518575599316957e+00 1.193961978983281380e+00 9.335804264972010769e-01 5.605952963958800161e-01 1.098096202463371696e-01 -3.738956208496797551e-01 -8.403280482148738351e-01 -1.239482444626855528e+00 -1.527145961456971346e+00
2.094062948067449970e-01 -2.714596145697212304e-02 -2.210742058825162504e-01 -3.503286423180621556e-01 -4.032503406072914798e-01 -3.797095802227716810e-01 -2.906953364194468925e-01 -1.564344650402315073e-01 -3.305288450344806561e-03 1.400380749100542666e-01 2.468158755670610827e-01 2.959995227609881763e-01 2.754033254395900077e-01 1.835804264972015210e-01 3.026521050597075213e-02 -1.647094325919917779e-01 -3.738956208496799771e-01 -5.658089953765453872e-01 -7.091523587369448212e-01 -7.771459614569710128e-01 -7.514042917724262916e-01 -6.248476951563909365e-01 -4.032503406072913688e-01 -1.051905273844430111e-01 2.396347494704643144e-01 5.935655349597692698e-01 9.152533650933462051e-01 1.164557127748383270e+00 1.307476047346881831e+00 1.320518575599316957e+00 1.193961978983281380e+00 9.335804264972022981e-01 5.605952963958816815e-01 1.098096202463371696e-01 -3.738956208496797551e-01 -8.403280482148738351e-01
6.867645509301419926e-01 4.587100574617849480e-01 2.094062948067449970e-01 -2.714596145696990259e-02 -2.210742058825162504e-01 -3.503286423180621556e-01 -4.032503406072910357e-01 -3.797095802227716810e-01 -2.906953364194468925e-01 -1.564344650402315073e-01 -3.305288450344806561e-03 1.400380749100533229e-01 2.468158755670601945e-01 2.959995227609881763e-01 2.754033254395900077e-01 1.835804264972018540e-01 3.026521050597064111e-02 -1.647094325919917779e-01 -3.738956208496799771e-01 -5.658089953765453872e-01 -7.091523587369448212e-01 -7.771459614569710128e-01 -7.514042917724264026e-01 -6.248476951563914916e-01 -4.032503406072913688e-01 -1.051905273844430111e-01 2.396347494704643144e-01 5.935655349597692698e-01 9.152533650933462051e-01 1.164557127748383270e+00 1.307476047346881831e+00 1.320518575599316957e+00 1.193961978983282268e+00 9.335804264972022981e-01 5.605952963958816815e-01 1.098096202463371696e-01
9.488238640496622356e-01 8.598096202463374471e-01 6.867645509301419926e-01 4.587100574617845039e-01 2.094062948067449970e-01 -2.714596145696990259e-02 -2.210742058825149181e-01 -3.503286423180621556e-01 -4.032503406072910357e-01 -3.797095802227716810e-01 -2.906953364194468925e-01 -1.564344650402315073e-01 -3.305288450346555162e-03 1.400380749100533229e-01 2.468158755670601945e-01 2.959995227609879542e-01 2.754033254395901187e-01 1.835804264972018540e-01 3.026521050597064111e-02 -1.647094325919917779e-01 -3.738956208496799771e-01 -5.658089953765453872e-01 -7.091523587369440440e-01 -7.771459614569712349e-01 -7.514042917724264026e-01 -6.248476951563914916e-01 -4.032503406072913688e-01 -1.051905273844430111e-01 2.396347494704643144e-01 5.935655349597692698e-01 9.152533650933462051e-01 1.164557127748382381e+00 1.307476047346881387e+00 1.320518575599316957e+00 1.193961978983282268e+00 9.335804264972022981e-01
8.057334113295011591e-01 9.335804264972022981e-01 9.488238640496629017e-01 8.598096202463378912e-01 6.867645509301419926e-01 4.587100574617849480e-01 2.094062948067449970e-01 -2.714596145697212304e-02 -2.210742058825162504e-01 -3.503286423180624887e-01 -4.032503406072914798e-01 -3.797095802227716810e-01 -2.906953364194460043e-01 -1.564344650402304249e-01 -3.305288450345472695e-03 1.400380749100542666e-01 2.468158755670610827e-01 2.959995227609880653e-01 2.754033254395898966e-01 1.835804264972011879e-01 3.026521050596964191e-02 -1.647094325919929991e-01 -3.738956208496799771e-01 -5.658089953765453872e-01 -7.091523587369448212e-01 -7.771459614569710128e-01 -7.514042917724262916e-01 -6.248476951563909365e-01 -4.032503406072902585e-01 -1.051905273844419009e-01 2.396347494704655912e-01 5.935655349597692698e-01 9.152533650933462051e-01 1.164557127748383270e+00 1.307476047346881831e+00 1.320518575599316957e+00
2.468158755670620819e-01 5.705185755993179564e-01 8.057334113295011591e-01 9.335804264972022981e-01 9.488238640496622356e-01 8.598096202463374471e-01 6.867645509301419926e-01 4.587100574617849480e-01 2.094062948067449970e-01 -2.714596145697212304e-02 -2.210742058825162504e-01 -3.503286423180621556e-01 -4.032503406072914798e-01 -3.797095802227716810e-01 -2.906953364194460043e-01 -1.564344650402315073e-01 -3.305288450344806561e-03 1.400380749100542666e-01 2.468158755670610827e-01 2.959995227609880653e-01 2.754033254395898966e-01 1.835804264972011879e-01 3.026521050597064111e-02 -1.647094325919917779e-01 -3.738956208496799771e-01 -5.658089953765453872e-01 -7.091523587369448212e-01 -7.771459614569710128e-01 -7.514042917724262916e-01 -6.248476951563909365e-01 -4.032503406072902585e-01 -1.051905273844430111e-01 2.396347494704643144e-01 5.935655349597692698e-01 9.152533650933462051e-01 1.164557127748383270e+00
-5.336353743402570959e-01 -1.344809779282728490e-01 2.468158755670620819e-01 5.705185755993179564e-01 8.057334113295011591e-01 9.335804264972016320e-01 9.488238640496622356e-01 8.598096202463374471e-01 6.867645509301419926e-01 4.587100574617849480e-01 2.094062948067449970e-01 -2.714596145696990259e-02 -2.210742058825162504e-01 -3.503286423180621556e-01 -4.032503406072914798e-01 -3.797095802227716810e-01 -2.906953364194468925e-01 -1.564344650402315073e-01 -3.305288450344806561e-03 1.400380749100542666e-01 2.468158755670610827e-01 2.959995227609880653e-01 2.754033254395901187e-01 1.835804264972018540e-01 3.026521050597064111e-02 -1.647094325919917779e-01 -3.738956208496799771e-01 -5.658089953765453872e-01 -7.091523587369448212e-01 -7.771459614569710128e-01 -7.514042917724262916e-01 -6.248476951563914916e-01 -4.032503406072913688e-01 -1.051905273844430111e-01 2.396347494704643144e-01 5.935655349597692698e-01
