9.238123041339985075e-01 1.272498564715948799e+00 1.507052526569215178e+00 1.597842708044528326e+00 1.529987410865467856e+00 1.305417567982024796e+00 9.430700046158926320e-01 4.771587602596085720e-01 -4.630487269727975863e-02 -5.743679344171976897e-01 -1.052828650605859284e+00 -1.432127209690742919e+00 -1.672768024923000585e+00 -1.749657324975557149e+00 -1.654861937698825614e+00 -1.398474773627331524e+00 -1.007488846149519945e+00 -5.228094111296111013e-01 5.253650590306108148e-03 5.224985647159486879e-01 9.767224406793045821e-01 1.323323655206199545e+00 1.529987410865467412e+00 1.579936620820353355e+00 1.473400090505803561e+00 1.227158760259609460e+00 8.722537808464134734e-01 4.501511184211320904e-01 7.831521173962463500e-03 -4.076081568524128063e-01 -7.542093713793088794e-01 -9.996573249755564827e-01 -1.124531851808915572e+00 -1.123955720789002299e+00 -1.007488846149519723e+00 -7.973284639679414365e-01
5.317132563030230186e-02 5.017096417087183458e-01 9.238123041339985075e-01 1.272498564715948799e+00 1.507052526569215178e+00 1.597842708044528326e+00 1.529987410865467856e+00 1.305417567982024796e+00 9.430700046158926320e-01 4.771587602596080169e-01 -4.630487269728053579e-02 -5.743679344171970236e-01 -1.052828650605859284e+00 -1.432127209690742919e+00 -1.672768024923000585e+00 -1.749657324975557149e+00 -1.654861937698825614e+00 -1.398474773627331302e+00 -1.007488846149518835e+00 -5.228094111296096580e-01 5.253650590306968571e-03 5.224985647159486879e-01 9.767224406793028058e-01 1.323323655206199545e+00 1.529987410865467412e+00 1.579936620820353799e+00 1.473400090505803561e+00 1.227158760259607906e+00 8.722537808464134734e-01 4.501511184211316463e-01 7.831521173962463500e-03 -4.076081568524123622e-01 -7.542093713793088794e-01 -9.996573249755564827e-01 -1.124531851808914906e+00 -1.123955720789002299e+00
-7.363032841551340191e-01 -3.739557207890017443e-01 5.317132563030230186e-02 5.017096417087183458e-01 9.238123041339985075e-01 1.272498564715948799e+00 1.507052526569215178e+00 1.597842708044528326e+00 1.529987410865467856e+00 1.305417567982024352e+00 9.430700046158921879e-01 4.771587602596085720e-01 -4.630487269727975863e-02 -5.743679344171976897e-01 -1.052828650605859284e+00 -1.432127209690742919e+00 -1.672768024923000585e+00 -1.749657324975557149e+00 -1.654861937698825614e+00 -1.398474773627330414e+00 -1.007488846149517725e+00 -5.228094111296096580e-01 5.253650590306108148e-03 5.224985647159486879e-01 9.767224406793045821e-01 1.323323655206199545e+00 1.529987410865467634e+00 1.579936620820353799e+00 1.473400090505802673e+00 1.227158760259607906e+00 8.722537808464116971e-01 4.501511184211320904e-01 7.831521173962463500e-03 -4.076081568524128063e-01 -7.542093713793088794e-01 -9.996573249755570378e-01
-1.142437939033089878e+00 -9.996573249755572599e-01 -7.363032841551340191e-01 -3.739557207890017443e-01 5.317132563030269043e-02 5.017096417087183458e-01 9.238123041339985075e-01 1.272498564715948799e+00 1.507052526569215178e+00 1.597842708044528326e+00 1.529987410865467634e+00 1.305417567982024796e+00 9.430700046158926320e-01 4.771587602596080169e-01 -4.630487269728053579e-02 -5.743679344171970236e-01 -1.052828650605859284e+00 -1.432127209690742919e+00 -1.672768024923000585e+00 -1.749657324975557149e+00 -1.654861937698825614e+00 -1.398474773627330414e+00 -1.007488846149519945e+00 -5.228094111296111013e-01 5.253650590306108148e-03 5.224985647159486879e-01 9.767224406793045821e-01 1.323323655206199545e+00 1.529987410865467634e+00 1.579936620820353799e+00 1.473400090505802673e+00 1.227158760259609460e+00 8.722537808464134734e-01 4.501511184211320904e-01 7.831521173962463500e-03 -4.076081568524128063e-01
-1.052828650605859284e+00 -1.157608156852413694e+00 -1.142437939033090100e+00 -9.996573249755573709e-01 -7.363032841551340191e-01 -3.739557207890022994e-01 5.317132563030219083e-02 5.017096417087180127e-01 9.238123041339985075e-01 1.272498564715948799e+00 1.507052526569215178e+00 1.597842708044528326e+00 1.529987410865468078e+00 1.305417567982024796e+00 9.430700046158926320e-01 4.771587602596092936e-01 -4.630487269727959210e-02 -5.743679344171970236e-01 -1.052828650605859284e+00 -1.432127209690742919e+00 -1.672768024923000585e+00 -1.749657324975557149e+00 -1.654861937698826058e+00 -1.398474773627331524e+00 -1.007488846149519945e+00 -5.228094111296111013e-01 5.253650590306108148e-03 5.224985647159486879e-01 9.767224406793045821e-01 1.323323655206199545e+00 1.529987410865467634e+00 1.579936620820353355e+00 1.473400090505803561e+00 1.227158760259609460e+00 8.722537808464134734e-01 4.501511184211320904e-01
-5.766349585871911598e-01 -8.488869872555263596e-01 -1.052828650605859284e+00 -1.157608156852413916e+00 -1.142437939033089878e+00 -9.996573249755572599e-01 -7.363032841551337970e-01 -3.739557207890017443e-01 5.317132563030269043e-02 5.017096417087190119e-01 9.238123041339989516e-01 1.272498564715948799e+00 1.507052526569215178e+00 1.597842708044528326e+00 1.529987410865467634e+00 1.305417567982024796e+00 9.430700046158926320e-01 4.771587602596080169e-01 -4.630487269728053579e-02 -5.743679344171976897e-01 -1.052828650605860394e+00 -1.432127209690743808e+00 -1.672768024923000363e+00 -1.749657324975557149e+00 -1.654861937698825614e+00 -1.398474773627331302e+00 -1.007488846149518835e+00 -5.228094111296096580e-01 5.253650590306968571e-03 5.224985647159486879e-01 9.767224406793058034e-01 1.323323655206199545e+00 1.529987410865467412e+00 1.579936620820353799e+00 1.473400090505803561e+00 1.227158760259607906e+00
2.451135107220114850e-02 -2.728412397403909284e-01 -5.766349585871912709e-01 -8.488869872555263596e-01 -1.052828650605859284e+00 -1.157608156852413694e+00 -1.142437939033090100e+00 -9.996573249755573709e-01 -7.363032841551340191e-01 -3.739557207890017443e-01 5.317132563030269043e-02 5.017096417087180127e-01 9.238123041339985075e-01 1.272498564715948799e+00 1.507052526569215178e+00 1.597842708044528326e+00 1.529987410865468078e+00 1.305417567982024796e+00 9.430700046158926320e-01 4.771587602596080169e-01 -4.630487269728053579e-02 -5.743679344171976897e-01 -1.052828650605858396e+00 -1.432127209690742475e+00 -1.672768024923000363e+00 -1.749657324975557149e+00 -1.654861937698825614e+00 -1.398474773627331302e+00 -1.007488846149518835e+00 -5.228094111296096580e-01 5.253650590306968571e-03 5.224985647159472446e-01 9.767224406793028058e-01 1.323323655206199545e+00 1.529987410865467412e+00 1.579936620820353799e+00
4.693272390856463305e-01 2.808985151436952377e-01 2.451135107220114850e-02 -2.728412397403924827e-01 -5.766349585871911598e-01 -8.488869872555263596e-01 -1.052828650605859728e+00 -1.157608156852413916e+00 -1.142437939033089878e+00 -9.996573249755569268e-01 -7.363032841551333529e-01 -3.739557207890017443e-01 5.317132563030269043e-02 5.017096417087190119e-01 9.238123041339989516e-01 1.272498564715948799e+00 1.507052526569215178e+00 1.597842708044528326e+00 1.529987410865467634e+00 1.305417567982023908e+00 9.430700046158918548e-01 4.771587602596072952e-01 -4.630487269727959210e-02 -5.743679344171970236e-01 -1.052828650605859284e+00 -1.432127209690742919e+00 -1.672768024923000585e+00 -1.749657324975557149e+00 -1.654861937698825614e+00 -1.398474773627330414e+00 -1.007488846149517725e+00 -5.228094111296111013e-01 5.253650590306108148e-03 5.224985647159486879e-01 9.767224406793045821e-01 1.323323655206199545e+00
5.884938730255242501e-01 5.733236552061992120e-01 4.693272390856465526e-01 2.808985151436953487e-01 2.451135107220114850e-02 -2.728412397403909284e-01 -5.766349585871912709e-01 -8.488869872555263596e-01 -1.052828650605859284e+00 -1.157608156852413916e+00 -1.142437939033089878e+00 -9.996573249755573709e-01 -7.363032841551340191e-01 -3.739557207890017443e-01 5.317132563030269043e-02 5.017096417087180127e-01 9.238123041339985075e-01 1.272498564715948799e+00 1.507052526569215178e+00 1.597842708044528326e+00 1.529987410865467634e+00 1.305417567982023908e+00 9.430700046158934091e-01 4.771587602596092936e-01 -4.630487269727959210e-02 -5.743679344171970236e-01 -1.052828650605859284e+00 -1.432127209690742919e+00 -1.672768024923000585e+00 -1.749657324975557149e+00 -1.654861937698825614e+00 -1.398474773627331524e+00 -1.007488846149519945e+00 -5.228094111296111013e-01 5.253650590306108148e-03 5.224985647159486879e-01
3.934822182440876892e-01 5.224985647159486879e-01 5.884938730255231398e-01 5.733236552061993230e-01 4.693272390856465526e-01 2.808985151436956818e-01 2.451135107220125953e-02 -2.728412397403909284e-01 -5.766349585871912709e-01 -8.488869872555263596e-01 -1.052828650605859284e+00 -1.157608156852413694e+00 -1.142437939033090100e+00 -9.996573249755573709e-01 -7.363032841551340191e-01 -3.739557207890027435e-01 5.317132563030207981e-02 5.017096417087180127e-01 9.238123041339985075e-01 1.272498564715948799e+00 1.507052526569215178e+00 1.597842708044528326e+00 1.529987410865468300e+00 1.305417567982025240e+00 9.430700046158934091e-01 4.771587602596092936e-01 -4.630487269727959210e-02 -5.743679344171970236e-01 -1.052828650605859284e+00 -1.432127209690742919e+00 -1.672768024923000585e+00 -1.749657324975557149e+00 -1.654861937698826058e+00 -1.398474773627331524e+00 -1.007488846149519945e+00 -5.228094111296111013e-01
5.317132563030146919e-02 2.271905888703902032e-01 3.934822182440876892e-01 5.224985647159486879e-01 5.884938730255231398e-01 5.733236552061993230e-01 4.693272390856469967e-01 2.808985151436956818e-01 2.451135107220125953e-02 -2.728412397403909284e-01 -5.766349585871912709e-01 -8.488869872555256935e-01 -1.052828650605859506e+00 -1.157608156852413694e+00 -1.142437939033090100e+00 -9.996573249755577040e-01 -7.363032841551343521e-01 -3.739557207890027435e-01 5.317132563030207981e-02 5.017096417087180127e-01 9.238123041339985075e-01 1.272498564715948799e+00 1.507052526569214512e+00 1.597842708044528326e+00 1.529987410865468300e+00 1.305417567982025240e+00 9.430700046158934091e-01 4.771587602596092936e-01 -4.630487269727959210e-02 -5.743679344171970236e-01 -1.052828650605859284e+00 -1.432127209690741809e+00 -1.672768024922999919e+00 -1.749657324975557149e+00 -1.654861937698826058e+00 -1.398474773627331524e+00
-2.059731982652234228e-01 -9.943666795067229724e-02 5.317132563030263492e-02 2.271905888703902032e-01 3.934822182440887994e-01 5.224985647159486879e-01 5.884938730255242501e-01 5.733236552061992120e-01 4.693272390856463305e-01 2.808985151436952377e-01 2.451135107219981624e-02 -2.728412397403924827e-01 -5.766349585871911598e-01 -8.488869872555262486e-01 -1.052828650605860616e+00 -1.157608156852413916e+00 -1.142437939033089878e+00 -9.996573249755569268e-01 -7.363032841551333529e-01 -3.739557207890011892e-01 5.317132563030341208e-02 5.017096417087199001e-01 9.238123041339985075e-01 1.272498564715948799e+00 1.507052526569215178e+00 1.597842708044528326e+00 1.529987410865467634e+00 1.305417567982023908e+00 9.430700046158918548e-01 4.771587602596072952e-01 -4.630487269728172928e-02 -5.743679344171970236e-01 -1.052828650605859284e+00 -1.432127209690742919e+00 -1.672768024923000585e+00 -1.749657324975557149e+00
-2.238792854893983941e-01 -2.496573249755572599e-01 -2.059731982652234228e-01 -9.943666795067318542e-02 5.317132563030263492e-02 2.271905888703902032e-01 3.934822182440876892e-01 5.224985647159486879e-01 5.884938730255242501e-01 5.733236552061992120e-01 4.693272390856463305e-01 2.808985151436953487e-01 2.451135107220114850e-02 -2.728412397403924827e-01 -5.766349585871911598e-01 -8.488869872555263596e-01 -1.052828650605859284e+00 -1.157608156852413916e+00 -1.142437939033089878e+00 -9.996573249755569268e-01 -7.363032841551333529e-01 -3.739557207890011892e-01 5.317132563030207981e-02 5.017096417087180127e-01 9.238123041339985075e-01 1.272498564715948799e+00 1.507052526569215178e+00 1.597842708044528326e+00 1.529987410865467634e+00 1.305417567982023908e+00 9.430700046158918548e-01 4.771587602596092936e-01 -4.630487269727959210e-02 -5.743679344171970236e-01 -1.052828650605859284e+00 -1.432127209690742919e+00
7.831521173961797366e-03 -1.330891040140846915e-01 -2.238792854893983941e-01 -2.496573249755572599e-01 -2.059731982652234228e-01 -9.943666795067318542e-02 5.317132563030146919e-02 2.271905888703902032e-01 3.934822182440876892e-01 5.224985647159486879e-01 5.884938730255242501e-01 5.733236552061993230e-01 4.693272390856465526e-01 2.808985151436953487e-01 2.451135107220114850e-02 -2.728412397403909284e-01 -5.766349585871912709e-01 -8.488869872555263596e-01 -1.052828650605859284e+00 -1.157608156852413916e+00 -1.142437939033089878e+00 -9.996573249755569268e-01 -7.363032841551343521e-01 -3.739557207890027435e-01 5.317132563030207981e-02 5.017096417087180127e-01 9.238123041339985075e-01 1.272498564715948799e+00 1.507052526569215178e+00 1.597842708044528326e+00 1.529987410865467634e+00 1.305417567982025240e+00 9.430700046158934091e-01 4.771587602596092936e-01 -4.630487269727959210e-02 -5.743679344171970236e-01
3.419236949565021000e-01 1.756320655828028376e-01 7.831521173961797366e-03 -1.330891040140851356e-01 -2.238792854893983941e-01 -2.496573249755572599e-01 -2.059731982652238669e-01 -9.943666795067318542e-02 5.317132563030146919e-02 2.271905888703902032e-01 3.934822182440876892e-01 5.224985647159486879e-01 5.884938730255231398e-01 5.733236552061993230e-01 4.693272390856465526e-01 2.808985151436956818e-01 2.451135107220125953e-02 -2.728412397403909284e-01 -5.766349585871912709e-01 -8.488869872555263596e-01 -1.052828650605859284e+00 -1.157608156852413916e+00 -1.142437939033090100e+00 -9.996573249755577040e-01 -7.363032841551343521e-01 -3.739557207890027435e-01 5.317132563030207981e-02 5.017096417087180127e-01 9.238123041339985075e-01 1.272498564715948799e+00 1.507052526569215178e+00 1.597842708044528326e+00 1.529987410865468300e+00 1.305417567982025240e+00 9.430700046158934091e-01 4.771587602596092936e-01
5.548414369621109676e-01 4.771587602596081834e-01 3.419236949565009898e-01 1.756320655828032817e-01 7.831521173961797366e-03 -1.330891040140846915e-01 -2.238792854893983941e-01 -2.496573249755572599e-01 -2.059731982652234228e-01 -9.943666795067229724e-02 5.317132563030263492e-02 2.271905888703902032e-01 3.934822182440887994e-01 5.224985647159495761e-01 5.884938730255235839e-01 5.733236552061992120e-01 4.693272390856463305e-01 2.808985151436952377e-01 2.451135107219981624e-02 -2.728412397403924827e-01 -5.766349585871919370e-01 -8.488869872555278029e-01 -1.052828650605859284e+00 -1.157608156852413916e+00 -1.142437939033089878e+00 -9.996573249755569268e-01 -7.363032841551333529e-01 -3.739557207890011892e-01 5.317132563030341208e-02 5.017096417087199001e-01 9.238123041339999508e-01 1.272498564715948799e+00 1.507052526569215178e+00 1.597842708044528326e+00 1.529987410865467634e+00 1.305417567982023908e+00
4.693272390856472187e-01 5.554175679820250178e-01 5.548414369621109676e-01 4.771587602596081834e-01 3.419236949565021000e-01 1.756320655828028376e-01 7.831521173961797366e-03 -1.330891040140846915e-01 -2.238792854893983941e-01 -2.496573249755572599e-01 -2.059731982652234228e-01 -9.943666795067318542e-02 5.317132563030263492e-02 2.271905888703902032e-01 3.934822182440887994e-01 5.224985647159486879e-01 5.884938730255242501e-01 5.733236552061992120e-01 4.693272390856463305e-01 2.808985151436952377e-01 2.451135107219981624e-02 -2.728412397403924827e-01 -5.766349585871912709e-01 -8.488869872555263596e-01 -1.052828650605859284e+00 -1.157608156852413916e+00 -1.142437939033089878e+00 -9.996573249755569268e-01 -7.363032841551333529e-01 -3.739557207890011892e-01 5.317132563030341208e-02 5.017096417087180127e-01 9.238123041339985075e-01 1.272498564715948799e+00 1.507052526569215178e+00 1.597842708044528326e+00
5.816378713561254354e-02 2.988046023678705421e-01 4.693272390856472187e-01 5.554175679820250178e-01 5.548414369621120779e-01 4.771587602596091271e-01 3.419236949565021000e-01 1.756320655828028376e-01 7.831521173961797366e-03 -1.330891040140846915e-01 -2.238792854893983941e-01 -2.496573249755572599e-01 -2.059731982652234228e-01 -9.943666795067318542e-02 5.317132563030263492e-02 2.271905888703902032e-01 3.934822182440876892e-01 5.224985647159486879e-01 5.884938730255242501e-01 5.733236552061992120e-01 4.693272390856463305e-01 2.808985151436952377e-01 2.451135107220125953e-02 -2.728412397403909284e-01 -5.766349585871912709e-01 -8.488869872555263596e-01 -1.052828650605859284e+00 -1.157608156852413916e+00 -1.142437939033089878e+00 -9.996573249755569268e-01 -7.363032841551333529e-01 -3.739557207890027435e-01 5.317132563030207981e-02 5.017096417087180127e-01 9.238123041339985075e-01 1.272498564715948799e+00
