-1.045932028382401402e-01 1.622147477075269739e-01 4.488070138998022651e-01 7.192755265824545274e-01 9.370667289657110821e-01 1.069658370458997698e+00 1.092908330126057592e+00 9.945218953682732899e-01 7.761814424491060294e-01 4.540375725550412356e-01 5.745516640256254082e-02 -3.738816970213298951e-01 -7.942008434609266754e-01 -1.156736643075800597e+00 -1.419102740175798516e+00 -1.548313099137496263e+00 -1.524851981258184219e+00 -1.345295726275996806e+00 -1.023151856381932401e+00 -5.877852522924733591e-01 -8.152307199010860872e-02 4.447564737441254135e-01 9.370667289657090837e-01 1.344177423297325369e+00 1.623238416015967855e+00 1.744521895368273290e+00 1.694740095992798068e+00 1.478556625393370627e+00 1.118115338182384066e+00 6.506373558170002180e-01 1.243578100827645166e-01 -4.067366430757979878e-01 -8.887726542858860324e-01 -1.273794046299166371e+00 -1.524851981258183331e+00 -1.619814779114325809e+00
-4.641918094783626936e-01 -3.207766734376674700e-01 -1.045932028382401402e-01 1.622147477075269739e-01 4.488070138998022651e-01 7.192755265824545274e-01 9.370667289657110821e-01 1.069658370458997698e+00 1.092908330126057592e+00 9.945218953682732899e-01 7.761814424491055853e-01 4.540375725550418462e-01 5.745516640256254082e-02 -3.738816970213298951e-01 -7.942008434609266754e-01 -1.156736643075799931e+00 -1.419102740175798516e+00 -1.548313099137496041e+00 -1.524851981258183997e+00 -1.345295726275995918e+00 -1.023151856381931957e+00 -5.877852522924733591e-01 -8.152307199011099570e-02 4.447564737441254135e-01 9.370667289657090837e-01 1.344177423297326479e+00 1.623238416015967855e+00 1.744521895368273512e+00 1.694740095992798068e+00 1.478556625393370183e+00 1.118115338182384066e+00 6.506373558170006621e-01 1.243578100827645166e-01 -4.067366430757979878e-01 -8.887726542858873646e-01 -1.273794046299166371e+00
-5.005440866321070326e-01 -5.237940462991669266e-01 -4.641918094783626936e-01 -3.207766734376674700e-01 -1.045932028382401402e-01 1.622147477075269739e-01 4.488070138998022651e-01 7.192755265824545274e-01 9.370667289657110821e-01 1.069658370458997254e+00 1.092908330126057814e+00 9.945218953682732899e-01 7.761814424491060294e-01 4.540375725550412356e-01 5.745516640256254082e-02 -3.738816970213298951e-01 -7.942008434609266754e-01 -1.156736643075800597e+00 -1.419102740175798516e+00 -1.548313099137496041e+00 -1.524851981258183553e+00 -1.345295726275995918e+00 -1.023151856381932401e+00 -5.877852522924733591e-01 -8.152307199010860872e-02 4.447564737441254135e-01 9.370667289657110821e-01 1.344177423297326479e+00 1.623238416015968966e+00 1.744521895368273512e+00 1.694740095992797624e+00 1.478556625393370627e+00 1.118115338182384066e+00 6.506373558170002180e-01 1.243578100827645166e-01 -4.067366430758002638e-01
-2.638707575710159681e-01 -4.067366430758009299e-01 -5.005440866321070326e-01 -5.237940462991669266e-01 -4.641918094783626936e-01 -3.207766734376674700e-01 -1.045932028382401402e-01 1.622147477075269739e-01 4.488070138998022651e-01 7.192755265824545274e-01 9.370667289657113042e-01 1.069658370458997698e+00 1.092908330126057592e+00 9.945218953682732899e-01 7.761814424491055853e-01 4.540375725550418462e-01 5.745516640256254082e-02 -3.738816970213298951e-01 -7.942008434609266754e-01 -1.156736643075800597e+00 -1.419102740175798516e+00 -1.548313099137496041e+00 -1.524851981258184219e+00 -1.345295726275996806e+00 -1.023151856381932401e+00 -5.877852522924733591e-01 -8.152307199010860872e-02 4.447564737441254135e-01 9.370667289657110821e-01 1.344177423297326479e+00 1.623238416015968966e+00 1.744521895368273290e+00 1.694740095992798068e+00 1.478556625393370627e+00 1.118115338182384066e+00 6.506373558170002180e-01
5.745516640256231877e-02 -9.936264418300083667e-02 -2.638707575710155795e-01 -4.067366430758002638e-01 -5.005440866321070326e-01 -5.237940462991671486e-01 -4.641918094783626936e-01 -3.207766734376674700e-01 -1.045932028382405843e-01 1.622147477075269739e-01 4.488070138998022651e-01 7.192755265824541944e-01 9.370667289657107490e-01 1.069658370458997698e+00 1.092908330126057592e+00 9.945218953682736229e-01 7.761814424491061404e-01 4.540375725550418462e-01 5.745516640256254082e-02 -3.738816970213298951e-01 -7.942008434609266754e-01 -1.156736643075800597e+00 -1.419102740175798072e+00 -1.548313099137496263e+00 -1.524851981258184219e+00 -1.345295726275996806e+00 -1.023151856381932401e+00 -5.877852522924733591e-01 -8.152307199010860872e-02 4.447564737441254135e-01 9.370667289657110821e-01 1.344177423297325369e+00 1.623238416015967855e+00 1.744521895368273290e+00 1.694740095992798068e+00 1.478556625393370627e+00
2.458513565591951000e-01 1.795185197167122881e-01 5.745516640256231877e-02 -9.936264418300055912e-02 -2.638707575710159681e-01 -4.067366430758009299e-01 -5.005440866321069215e-01 -5.237940462991669266e-01 -4.641918094783626936e-01 -3.207766734376671369e-01 -1.045932028382401402e-01 1.622147477075269739e-01 4.488070138998022651e-01 7.192755265824545274e-01 9.370667289657113042e-01 1.069658370458997698e+00 1.092908330126057592e+00 9.945218953682732899e-01 7.761814424491055853e-01 4.540375725550412356e-01 5.745516640256154162e-02 -3.738816970213309498e-01 -7.942008434609261203e-01 -1.156736643075799931e+00 -1.419102740175798516e+00 -1.548313099137496041e+00 -1.524851981258183997e+00 -1.345295726275995918e+00 -1.023151856381931957e+00 -5.877852522924733591e-01 -8.152307199010644378e-02 4.447564737441254135e-01 9.370667289657090837e-01 1.344177423297326479e+00 1.623238416015967855e+00 1.744521895368273512e+00
1.743496765823657757e-01 2.445218953682732899e-01 2.458513565591952110e-01 1.795185197167122881e-01 5.745516640256231877e-02 -9.936264418300083667e-02 -2.638707575710160791e-01 -4.067366430758002638e-01 -5.005440866321070326e-01 -5.237940462991669266e-01 -4.641918094783626936e-01 -3.207766734376674700e-01 -1.045932028382405843e-01 1.622147477075269739e-01 4.488070138998022651e-01 7.192755265824541944e-01 9.370667289657107490e-01 1.069658370458997698e+00 1.092908330126057592e+00 9.945218953682732899e-01 7.761814424491055853e-01 4.540375725550412356e-01 5.745516640256342900e-02 -3.738816970213293400e-01 -7.942008434609261203e-01 -1.156736643075799931e+00 -1.419102740175798516e+00 -1.548313099137496041e+00 -1.524851981258183997e+00 -1.345295726275995918e+00 -1.023151856381931957e+00 -5.877852522924746914e-01 -8.152307199011099570e-02 4.447564737441254135e-01 9.370667289657090837e-01 1.344177423297326479e+00
-1.235934428141098884e-01 4.513931762066847320e-02 1.743496765823657757e-01 2.445218953682734009e-01 2.458513565591951000e-01 1.795185197167122881e-01 5.745516640256254082e-02 -9.936264418300055912e-02 -2.638707575710159681e-01 -4.067366430758005968e-01 -5.005440866321066995e-01 -5.237940462991669266e-01 -4.641918094783626936e-01 -3.207766734376671369e-01 -1.045932028382401402e-01 1.622147477075269739e-01 4.488070138998022651e-01 7.192755265824545274e-01 9.370667289657113042e-01 1.069658370458997698e+00 1.092908330126057592e+00 9.945218953682729568e-01 7.761814424491061404e-01 4.540375725550418462e-01 5.745516640256254082e-02 -3.738816970213298951e-01 -7.942008434609266754e-01 -1.156736643075800597e+00 -1.419102740175798516e+00 -1.548313099137496041e+00 -1.524851981258183553e+00 -1.345295726275996806e+00 -1.023151856381932401e+00 -5.877852522924733591e-01 -8.152307199010860872e-02 4.447564737441254135e-01
-4.697516396438896624e-01 -3.052435262558754747e-01 -1.235934428141112762e-01 4.513931762066858422e-02 1.743496765823657757e-01 2.445218953682732899e-01 2.458513565591952110e-01 1.795185197167122881e-01 5.745516640256231877e-02 -9.936264418300055912e-02 -2.638707575710159681e-01 -4.067366430758002638e-01 -5.005440866321070326e-01 -5.237940462991669266e-01 -4.641918094783626936e-01 -3.207766734376674700e-01 -1.045932028382405843e-01 1.622147477075269739e-01 4.488070138998022651e-01 7.192755265824545274e-01 9.370667289657113042e-01 1.069658370458997698e+00 1.092908330126057592e+00 9.945218953682736229e-01 7.761814424491061404e-01 4.540375725550418462e-01 5.745516640256254082e-02 -3.738816970213298951e-01 -7.942008434609266754e-01 -1.156736643075800597e+00 -1.419102740175798516e+00 -1.548313099137496263e+00 -1.524851981258184219e+00 -1.345295726275996806e+00 -1.023151856381932401e+00 -5.877852522924733591e-01
-6.349232887281510695e-01 -5.877852522924729151e-01 -4.697516396438896624e-01 -3.052435262558748641e-01 -1.235934428141112762e-01 4.513931762066758502e-02 1.743496765823658867e-01 2.445218953682732899e-01 2.458513565591952110e-01 1.795185197167122881e-01 5.745516640256231877e-02 -9.936264418300083667e-02 -2.638707575710155795e-01 -4.067366430758002638e-01 -5.005440866321070326e-01 -5.237940462991672597e-01 -4.641918094783628046e-01 -3.207766734376674700e-01 -1.045932028382405843e-01 1.622147477075269739e-01 4.488070138998022651e-01 7.192755265824545274e-01 9.370667289657101939e-01 1.069658370458997254e+00 1.092908330126057592e+00 9.945218953682736229e-01 7.761814424491061404e-01 4.540375725550418462e-01 5.745516640256254082e-02 -3.738816970213298951e-01 -7.942008434609266754e-01 -1.156736643075799043e+00 -1.419102740175798072e+00 -1.548313099137496263e+00 -1.524851981258184219e+00 -1.345295726275996806e+00
-4.641918094783628046e-01 -5.952957262759960289e-01 -6.349232887281510695e-01 -5.877852522924729151e-01 -4.697516396438896624e-01 -3.052435262558748641e-01 -1.235934428141108321e-01 4.513931762066758502e-02 1.743496765823658867e-01 2.445218953682732899e-01 2.458513565591952110e-01 1.795185197167130653e-01 5.745516640256276286e-02 -9.936264418300083667e-02 -2.638707575710155795e-01 -4.067366430757997642e-01 -5.005440866321066995e-01 -5.237940462991672597e-01 -4.641918094783628046e-01 -3.207766734376674700e-01 -1.045932028382405843e-01 1.622147477075269739e-01 4.488070138998010994e-01 7.192755265824534172e-01 9.370667289657101939e-01 1.069658370458997254e+00 1.092908330126057592e+00 9.945218953682736229e-01 7.761814424491061404e-01 4.540375725550418462e-01 5.745516640256254082e-02 -3.738816970213282853e-01 -7.942008434609251211e-01 -1.156736643075799043e+00 -1.419102740175798072e+00 -1.548313099137496263e+00
2.978599925780323066e-02 -2.492749934608391449e-01 -4.641918094783634707e-01 -5.952957262759960289e-01 -6.349232887281517357e-01 -5.877852522924729151e-01 -4.697516396438896624e-01 -3.052435262558754747e-01 -1.235934428141098884e-01 4.513931762066847320e-02 1.743496765823664418e-01 2.445218953682734009e-01 2.458513565591951000e-01 1.795185197167123992e-01 5.745516640256187468e-02 -9.936264418300055912e-02 -2.638707575710159681e-01 -4.067366430758005968e-01 -5.005440866321066995e-01 -5.237940462991670376e-01 -4.641918094783624715e-01 -3.207766734376670259e-01 -1.045932028382405843e-01 1.622147477075269739e-01 4.488070138998022651e-01 7.192755265824545274e-01 9.370667289657113042e-01 1.069658370458997698e+00 1.092908330126057592e+00 9.945218953682729568e-01 7.761814424491050302e-01 4.540375725550418462e-01 5.745516640256254082e-02 -3.738816970213298951e-01 -7.942008434609266754e-01 -1.156736643075800597e+00
6.546878959726745162e-01 3.432633569241988480e-01 2.978599925780323066e-02 -2.492749934608380347e-01 -4.641918094783634707e-01 -5.952957262759960289e-01 -6.349232887281510695e-01 -5.877852522924729151e-01 -4.697516396438896624e-01 -3.052435262558754747e-01 -1.235934428141098884e-01 4.513931762066858422e-02 1.743496765823657757e-01 2.445218953682734009e-01 2.458513565591951000e-01 1.795185197167122881e-01 5.745516640256231877e-02 -9.936264418300055912e-02 -2.638707575710159681e-01 -4.067366430758005968e-01 -5.005440866321066995e-01 -5.237940462991670376e-01 -4.641918094783628046e-01 -3.207766734376674700e-01 -1.045932028382405843e-01 1.622147477075269739e-01 4.488070138998022651e-01 7.192755265824545274e-01 9.370667289657113042e-01 1.069658370458997698e+00 1.092908330126057592e+00 9.945218953682736229e-01 7.761814424491061404e-01 4.540375725550418462e-01 5.745516640256254082e-02 -3.738816970213298951e-01
1.118115338182383400e+00 9.251564086553281108e-01 6.546878959726745162e-01 3.432633569242004579e-01 2.978599925780323066e-02 -2.492749934608380347e-01 -4.641918094783628046e-01 -5.952957262759960289e-01 -6.349232887281510695e-01 -5.877852522924729151e-01 -4.697516396438896624e-01 -3.052435262558748641e-01 -1.235934428141112762e-01 4.513931762066858422e-02 1.743496765823657757e-01 2.445218953682732899e-01 2.458513565591952110e-01 1.795185197167122881e-01 5.745516640256231877e-02 -9.936264418300055912e-02 -2.638707575710159681e-01 -4.067366430758005968e-01 -5.005440866321066995e-01 -5.237940462991672597e-01 -4.641918094783628046e-01 -3.207766734376674700e-01 -1.045932028382405843e-01 1.622147477075269739e-01 4.488070138998022651e-01 7.192755265824545274e-01 9.370667289657113042e-01 1.069658370458997254e+00 1.092908330126057592e+00 9.945218953682736229e-01 7.761814424491061404e-01 4.540375725550418462e-01
1.164410010102887139e+00 1.204037572555041624e+00 1.118115338182383400e+00 9.251564086553276667e-01 6.546878959726745162e-01 3.432633569242004579e-01 2.978599925780478497e-02 -2.492749934608380347e-01 -4.641918094783628046e-01 -5.952957262759960289e-01 -6.349232887281510695e-01 -5.877852522924729151e-01 -4.697516396438896624e-01 -3.052435262558748641e-01 -1.235934428141112762e-01 4.513931762066758502e-02 1.743496765823658867e-01 2.445218953682732899e-01 2.458513565591952110e-01 1.795185197167122881e-01 5.745516640256231877e-02 -9.936264418300055912e-02 -2.638707575710158570e-01 -4.067366430757997642e-01 -5.005440866321066995e-01 -5.237940462991672597e-01 -4.641918094783628046e-01 -3.207766734376674700e-01 -1.045932028382405843e-01 1.622147477075269739e-01 4.488070138998022651e-01 7.192755265824534172e-01 9.370667289657101939e-01 1.069658370458997254e+00 1.092908330126057592e+00 9.945218953682736229e-01
7.046797624722778153e-01 9.945218953682744001e-01 1.164410010102887361e+00 1.204037572555042068e+00 1.118115338182383400e+00 9.251564086553281108e-01 6.546878959726745162e-01 3.432633569241988480e-01 2.978599925780323066e-02 -2.492749934608391449e-01 -4.641918094783634707e-01 -5.952957262759960289e-01 -6.349232887281517357e-01 -5.877852522924735812e-01 -4.697516396438903286e-01 -3.052435262558754747e-01 -1.235934428141098884e-01 4.513931762066847320e-02 1.743496765823664418e-01 2.445218953682735119e-01 2.458513565591952110e-01 1.795185197167121771e-01 5.745516640256231877e-02 -9.936264418300055912e-02 -2.638707575710159681e-01 -4.067366430758005968e-01 -5.005440866321066995e-01 -5.237940462991670376e-01 -4.641918094783624715e-01 -3.207766734376670259e-01 -1.045932028382394741e-01 1.622147477075269739e-01 4.488070138998022651e-01 7.192755265824545274e-01 9.370667289657113042e-01 1.069658370458997698e+00
-1.235934428141087227e-01 3.196583704589983643e-01 7.046797624722778153e-01 9.945218953682744001e-01 1.164410010102887139e+00 1.204037572555041624e+00 1.118115338182383400e+00 9.251564086553281108e-01 6.546878959726745162e-01 3.432633569241988480e-01 2.978599925780323066e-02 -2.492749934608380347e-01 -4.641918094783634707e-01 -5.952957262759960289e-01 -6.349232887281517357e-01 -5.877852522924729151e-01 -4.697516396438896624e-01 -3.052435262558754747e-01 -1.235934428141098884e-01 4.513931762066847320e-02 1.743496765823664418e-01 2.445218953682735119e-01 2.458513565591952110e-01 1.795185197167122881e-01 5.745516640256231877e-02 -9.936264418300055912e-02 -2.638707575710159681e-01 -4.067366430758005968e-01 -5.005440866321066995e-01 -5.237940462991670376e-01 -4.641918094783624715e-01 -3.207766734376674700e-01 -1.045932028382405843e-01 1.622147477075269739e-01 4.488070138998022651e-01 7.192755265824545274e-01
-1.000081725533800148e+00 -5.797625790942022572e-01 -1.235934428141087227e-01 3.196583704589983643e-01 7.046797624722770381e-01 9.945218953682735119e-01 1.164410010102887139e+00 1.204037572555041624e+00 1.118115338182383400e+00 9.251564086553281108e-01 6.546878959726745162e-01 3.432633569242004579e-01 2.978599925780323066e-02 -2.492749934608380347e-01 -4.641918094783634707e-01 -5.952957262759960289e-01 -6.349232887281510695e-01 -5.877852522924729151e-01 -4.697516396438896624e-01 -3.052435262558754747e-01 -1.235934428141098884e-01 4.513931762066847320e-02 1.743496765823658867e-01 2.445218953682732899e-01 2.458513565591952110e-01 1.795185197167122881e-01 5.745516640256231877e-02 -9.936264418300055912e-02 -2.638707575710159681e-01 -4.067366430758005968e-01 -5.005440866321066995e-01 -5.237940462991672597e-01 -4.641918094783628046e-01 -3.207766734376674700e-01 -1.045932028382405843e-01 1.622147477075269739e-01
