6.808249823514641585e-01 3.673165676349096076e-01 4.885416210114079671e-02 -2.374917803398930438e-01 -4.611147754839000079e-01 -6.012960071199330292e-01 -6.492771619859949439e-01 -6.087614290087203228e-01 -4.948200833311631186e-01 -3.313806126346632297e-01 -1.476466535248203149e-01 2.607115477733168429e-02 1.625664634614206738e-01 2.414448613738106042e-01 2.518516374031321003e-01 1.938723929745563845e-01 7.843134311880983756e-02 -7.429420049572754703e-02 -2.377336711922264367e-01 -3.826834323650902814e-01 -4.814759237887706878e-01 -5.120108331782218247e-01 -4.611147754839002300e-01 -3.267769542816046924e-01 -1.189470760960845697e-01 1.412385709912791221e-01 4.237385702125275322e-01 6.931384402036657733e-01 9.130135182550007666e-01 1.050590207615660576e+00 1.081125117005112823e+00 9.914448613738111593e-01 7.821817232930435848e-01 4.683914458128862757e-01 7.843134311881083676e-02 -3.488132533340552732e-01
1.139091514898630475e+00 9.502248523426015669e-01 6.808249823514641585e-01 3.673165676349096076e-01 4.885416210114013058e-02 -2.374917803398930438e-01 -4.611147754839000079e-01 -6.012960071199330292e-01 -6.492771619859949439e-01 -6.087614290087201008e-01 -4.948200833311630076e-01 -3.313806126346633962e-01 -1.476466535248203149e-01 2.607115477733168429e-02 1.625664634614206738e-01 2.414448613738104932e-01 2.518516374031319893e-01 1.938723929745564956e-01 7.843134311880928244e-02 -7.429420049572776907e-02 -2.377336711922272972e-01 -3.826834323650902814e-01 -4.814759237887700216e-01 -5.120108331782218247e-01 -4.611147754839002300e-01 -3.267769542816041373e-01 -1.189470760960845697e-01 1.412385709912805654e-01 4.237385702125275322e-01 6.931384402036653292e-01 9.130135182550007666e-01 1.050590207615661020e+00 1.081125117005112823e+00 9.914448613738111593e-01 7.821817232930431407e-01 4.683914458128862757e-01
1.170410290946823695e+00 1.218391445812885499e+00 1.139091514898630475e+00 9.502248523426015669e-01 6.808249823514641585e-01 3.673165676349096076e-01 4.885416210114013058e-02 -2.374917803398930438e-01 -4.611147754839000079e-01 -6.012960071199332512e-01 -6.492771619859947219e-01 -6.087614290087203228e-01 -4.948200833311631186e-01 -3.313806126346632297e-01 -1.476466535248203149e-01 2.607115477733168429e-02 1.625664634614206738e-01 2.414448613738106042e-01 2.518516374031321003e-01 1.938723929745562735e-01 7.843134311880906040e-02 -7.429420049572776907e-02 -2.377336711922264367e-01 -3.826834323650902814e-01 -4.814759237887706878e-01 -5.120108331782218247e-01 -4.611147754839000079e-01 -3.267769542816041373e-01 -1.189470760960833484e-01 1.412385709912805654e-01 4.237385702125290865e-01 6.931384402036657733e-01 9.130135182550007666e-01 1.050590207615660576e+00 1.081125117005112823e+00 9.914448613738107152e-01
6.928965493513321583e-01 9.914448613738106042e-01 1.170410290946823695e+00 1.218391445812885499e+00 1.139091514898630475e+00 9.502248523426015669e-01 6.808249823514641585e-01 3.673165676349096076e-01 4.885416210114013058e-02 -2.374917803398930438e-01 -4.611147754839001189e-01 -6.012960071199330292e-01 -6.492771619859949439e-01 -6.087614290087201008e-01 -4.948200833311630076e-01 -3.313806126346633962e-01 -1.476466535248203149e-01 2.607115477733168429e-02 1.625664634614206738e-01 2.414448613738106042e-01 2.518516374031321003e-01 1.938723929745562735e-01 7.843134311880983756e-02 -7.429420049572754703e-02 -2.377336711922264367e-01 -3.826834323650902814e-01 -4.814759237887706878e-01 -5.120108331782218247e-01 -4.611147754839000079e-01 -3.267769542816041373e-01 -1.189470760960833484e-01 1.412385709912791221e-01 4.237385702125275322e-01 6.931384402036657733e-01 9.130135182550007666e-01 1.050590207615660576e+00
-1.476466535248200929e-01 3.005902076156604097e-01 6.928965493513309370e-01 9.914448613738103822e-01 1.170410290946823695e+00 1.218391445812885276e+00 1.139091514898631141e+00 9.502248523426015669e-01 6.808249823514650467e-01 3.673165676349096076e-01 4.885416210114013058e-02 -2.374917803398924887e-01 -4.611147754838997859e-01 -6.012960071199330292e-01 -6.492771619859949439e-01 -6.087614290087203228e-01 -4.948200833311630076e-01 -3.313806126346633962e-01 -1.476466535248203149e-01 2.607115477733168429e-02 1.625664634614206738e-01 2.414448613738106042e-01 2.518516374031319893e-01 1.938723929745563845e-01 7.843134311880983756e-02 -7.429420049572754703e-02 -2.377336711922264367e-01 -3.826834323650902814e-01 -4.814759237887706878e-01 -5.120108331782218247e-01 -4.611147754839000079e-01 -3.267769542816046924e-01 -1.189470760960845697e-01 1.412385709912791221e-01 4.237385702125275322e-01 6.931384402036657733e-01
-1.025150169221072716e+00 -6.058996654729917886e-01 -1.476466535248200929e-01 3.005902076156606872e-01 6.928965493513321583e-01 9.914448613738106042e-01 1.170410290946823917e+00 1.218391445812885499e+00 1.139091514898630475e+00 9.502248523426007898e-01 6.808249823514641585e-01 3.673165676349096076e-01 4.885416210114013058e-02 -2.374917803398930438e-01 -4.611147754839001189e-01 -6.012960071199330292e-01 -6.492771619859949439e-01 -6.087614290087201008e-01 -4.948200833311630076e-01 -3.313806126346632297e-01 -1.476466535248197043e-01 2.607115477733212838e-02 1.625664634614206738e-01 2.414448613738104932e-01 2.518516374031319893e-01 1.938723929745564956e-01 7.843134311880928244e-02 -7.429420049572776907e-02 -2.377336711922272972e-01 -3.826834323650902814e-01 -4.814759237887700771e-01 -5.120108331782218247e-01 -4.611147754839002300e-01 -3.267769542816041373e-01 -1.189470760960845697e-01 1.412385709912805654e-01
-1.567835815529686538e+00 -1.358761429008720434e+00 -1.025150169221074492e+00 -6.058996654729917886e-01 -1.476466535248200929e-01 3.005902076156604097e-01 6.928965493513320473e-01 9.914448613738103822e-01 1.170410290946823695e+00 1.218391445812885499e+00 1.139091514898630475e+00 9.502248523426015669e-01 6.808249823514650467e-01 3.673165676349096076e-01 4.885416210114013058e-02 -2.374917803398924887e-01 -4.611147754838997859e-01 -6.012960071199330292e-01 -6.492771619859949439e-01 -6.087614290087201008e-01 -4.948200833311630076e-01 -3.313806126346632297e-01 -1.476466535248209255e-01 2.607115477733146225e-02 1.625664634614206738e-01 2.414448613738104932e-01 2.518516374031319893e-01 1.938723929745564956e-01 7.843134311880928244e-02 -7.429420049572776907e-02 -2.377336711922272972e-01 -3.826834323650901148e-01 -4.814759237887700216e-01 -5.120108331782218247e-01 -4.611147754839002300e-01 -3.267769542816041373e-01
-1.521774947263721423e+00 -1.625815059958262365e+00 -1.567835815529686538e+00 -1.358761429008720434e+00 -1.025150169221072716e+00 -6.058996654729917886e-01 -1.476466535248198708e-01 3.005902076156606872e-01 6.928965493513321583e-01 9.914448613738109373e-01 1.170410290946823917e+00 1.218391445812885499e+00 1.139091514898630475e+00 9.502248523426007898e-01 6.808249823514641585e-01 3.673165676349096076e-01 4.885416210114013058e-02 -2.374917803398930438e-01 -4.611147754839001189e-01 -6.012960071199333623e-01 -6.492771619859948329e-01 -6.087614290087199898e-01 -4.948200833311630076e-01 -3.313806126346633962e-01 -1.476466535248203149e-01 2.607115477733168429e-02 1.625664634614206738e-01 2.414448613738106042e-01 2.518516374031321003e-01 1.938723929745562735e-01 7.843134311880906040e-02 -7.429420049572754703e-02 -2.377336711922264367e-01 -3.826834323650902814e-01 -4.814759237887706878e-01 -5.120108331782218247e-01
-8.697044914425523521e-01 -1.262010833178222935e+00 -1.521774947263721423e+00 -1.625815059958262143e+00 -1.567835815529686538e+00 -1.358761429008720434e+00 -1.025150169221074492e+00 -6.058996654729917886e-01 -1.476466535248200929e-01 3.005902076156606872e-01 6.928965493513321583e-01 9.914448613738103822e-01 1.170410290946823695e+00 1.218391445812885499e+00 1.139091514898630475e+00 9.502248523426015669e-01 6.808249823514650467e-01 3.673165676349096076e-01 4.885416210114013058e-02 -2.374917803398930438e-01 -4.611147754839001189e-01 -6.012960071199333623e-01 -6.492771619859946108e-01 -6.087614290087203228e-01 -4.948200833311630076e-01 -3.313806126346633962e-01 -1.476466535248203149e-01 2.607115477733168429e-02 1.625664634614206738e-01 2.414448613738106042e-01 2.518516374031321003e-01 1.938723929745563845e-01 7.843134311880983756e-02 -7.429420049572754703e-02 -2.377336711922264367e-01 -3.826834323650902814e-01
1.504948964615546725e-01 -3.826834323650907255e-01 -8.697044914425511308e-01 -1.262010833178221381e+00 -1.521774947263721423e+00 -1.625815059958261921e+00 -1.567835815529686538e+00 -1.358761429008720434e+00 -1.025150169221074492e+00 -6.058996654729917886e-01 -1.476466535248200929e-01 3.005902076156604097e-01 6.928965493513309370e-01 9.914448613738103822e-01 1.170410290946823695e+00 1.218391445812885276e+00 1.139091514898630919e+00 9.502248523426015669e-01 6.808249823514650467e-01 3.673165676349096076e-01 4.885416210114013058e-02 -2.374917803398930438e-01 -4.611147754838993418e-01 -6.012960071199330292e-01 -6.492771619859946108e-01 -6.087614290087203228e-01 -4.948200833311630076e-01 -3.313806126346633962e-01 -1.476466535248203149e-01 2.607115477733168429e-02 1.625664634614206738e-01 2.414448613738102711e-01 2.518516374031319893e-01 1.938723929745563845e-01 7.843134311880983756e-02 -7.429420049572754703e-02
1.139091514898630919e+00 6.757057995042732301e-01 1.504948964615546725e-01 -3.826834323650907255e-01 -8.697044914425511308e-01 -1.262010833178221381e+00 -1.521774947263720534e+00 -1.625815059958261921e+00 -1.567835815529686538e+00 -1.358761429008720434e+00 -1.025150169221074492e+00 -6.058996654729937870e-01 -1.476466535248219802e-01 3.005902076156604097e-01 6.928965493513309370e-01 9.914448613738099381e-01 1.170410290946823473e+00 1.218391445812885276e+00 1.139091514898630919e+00 9.502248523426015669e-01 6.808249823514650467e-01 3.673165676349096076e-01 4.885416210114157387e-02 -2.374917803398923777e-01 -4.611147754838993418e-01 -6.012960071199330292e-01 -6.492771619859946108e-01 -6.087614290087203228e-01 -4.948200833311630076e-01 -3.313806126346633962e-01 -1.476466535248203149e-01 2.607115477733101816e-02 1.625664634614203408e-01 2.414448613738102711e-01 2.518516374031319893e-01 1.938723929745563845e-01
1.700740376836734180e+00 1.492910498651214057e+00 1.139091514898628921e+00 6.757057995042732301e-01 1.504948964615504536e-01 -3.826834323650907255e-01 -8.697044914425523521e-01 -1.262010833178222935e+00 -1.521774947263721423e+00 -1.625815059958262365e+00 -1.567835815529686760e+00 -1.358761429008720434e+00 -1.025150169221072716e+00 -6.058996654729916775e-01 -1.476466535248182055e-01 3.005902076156606872e-01 6.928965493513321583e-01 9.914448613738109373e-01 1.170410290946823917e+00 1.218391445812885276e+00 1.139091514898630031e+00 9.502248523426009008e-01 6.808249823514650467e-01 3.673165676349096076e-01 4.885416210114013058e-02 -2.374917803398930438e-01 -4.611147754839001189e-01 -6.012960071199333623e-01 -6.492771619859948329e-01 -6.087614290087199898e-01 -4.948200833311625080e-01 -3.313806126346633962e-01 -1.476466535248203149e-01 2.607115477733168429e-02 1.625664634614206738e-01 2.414448613738106042e-01
1.611455202895023753e+00 1.741444861373810493e+00 1.700740376836734180e+00 1.492910498651214279e+00 1.139091514898628921e+00 6.757057995042732301e-01 1.504948964615546725e-01 -3.826834323650907255e-01 -8.697044914425523521e-01 -1.262010833178222935e+00 -1.521774947263721423e+00 -1.625815059958262143e+00 -1.567835815529686538e+00 -1.358761429008720434e+00 -1.025150169221072716e+00 -6.058996654729917886e-01 -1.476466535248200929e-01 3.005902076156606872e-01 6.928965493513321583e-01 9.914448613738109373e-01 1.170410290946823917e+00 1.218391445812885276e+00 1.139091514898630919e+00 9.502248523426015669e-01 6.808249823514650467e-01 3.673165676349096076e-01 4.885416210114013058e-02 -2.374917803398930438e-01 -4.611147754839001189e-01 -6.012960071199333623e-01 -6.492771619859948329e-01 -6.087614290087203228e-01 -4.948200833311630076e-01 -3.313806126346633962e-01 -1.476466535248203149e-01 2.607115477733168429e-02
9.130135182550014328e-01 1.325109260453989801e+00 1.611455202895023753e+00 1.741444861373810493e+00 1.700740376836734180e+00 1.492910498651214279e+00 1.139091514898630919e+00 6.757057995042732301e-01 1.504948964615546725e-01 -3.826834323650907255e-01 -8.697044914425523521e-01 -1.262010833178221381e+00 -1.521774947263721423e+00 -1.625815059958262143e+00 -1.567835815529686538e+00 -1.358761429008720434e+00 -1.025150169221074492e+00 -6.058996654729917886e-01 -1.476466535248200929e-01 3.005902076156606872e-01 6.928965493513321583e-01 9.914448613738109373e-01 1.170410290946823473e+00 1.218391445812885276e+00 1.139091514898630919e+00 9.502248523426015669e-01 6.808249823514650467e-01 3.673165676349096076e-01 4.885416210114013058e-02 -2.374917803398930438e-01 -4.611147754839001189e-01 -6.012960071199330292e-01 -6.492771619859946108e-01 -6.087614290087203228e-01 -4.948200833311630076e-01 -3.313806126346633962e-01
-1.065915156773825090e-01 4.186193873653378805e-01 9.130135182550014328e-01 1.325109260453989357e+00 1.611455202895023753e+00 1.741444861373810493e+00 1.700740376836734846e+00 1.492910498651214279e+00 1.139091514898630919e+00 6.757057995042732301e-01 1.504948964615546725e-01 -3.826834323650907255e-01 -8.697044914425511308e-01 -1.262010833178221381e+00 -1.521774947263721423e+00 -1.625815059958261921e+00 -1.567835815529686538e+00 -1.358761429008720434e+00 -1.025150169221074492e+00 -6.058996654729917886e-01 -1.476466535248200929e-01 3.005902076156606872e-01 6.928965493513306040e-01 9.914448613738099381e-01 1.170410290946823473e+00 1.218391445812885276e+00 1.139091514898630919e+00 9.502248523426015669e-01 6.808249823514650467e-01 3.673165676349096076e-01 4.885416210114013058e-02 -2.374917803398923777e-01 -4.611147754838993418e-01 -6.012960071199330292e-01 -6.492771619859946108e-01 -6.087614290087203228e-01
-1.037505729639773389e+00 -6.087614290087165481e-01 -1.065915156773784567e-01 4.186193873653383246e-01 9.130135182550014328e-01 1.325109260453989801e+00 1.611455202895023753e+00 1.741444861373810493e+00 1.700740376836734180e+00 1.492910498651214057e+00 1.139091514898628921e+00 6.757057995042732301e-01 1.504948964615504536e-01 -3.826834323650930569e-01 -8.697044914425530182e-01 -1.262010833178222935e+00 -1.521774947263721423e+00 -1.625815059958262365e+00 -1.567835815529686760e+00 -1.358761429008719102e+00 -1.025150169221072716e+00 -6.058996654729896791e-01 -1.476466535248200929e-01 3.005902076156606872e-01 6.928965493513321583e-01 9.914448613738109373e-01 1.170410290946823917e+00 1.218391445812885276e+00 1.139091514898630031e+00 9.502248523426009008e-01 6.808249823514633814e-01 3.673165676349096076e-01 4.885416210114013058e-02 -2.374917803398930438e-01 -4.611147754839001189e-01 -6.012960071199333623e-01
-1.521774947263720534e+00 -1.351296007119932474e+00 -1.037505729639773389e+00 -6.087614290087165481e-01 -1.065915156773825090e-01 4.186193873653378805e-01 9.130135182550014328e-01 1.325109260453989801e+00 1.611455202895023753e+00 1.741444861373810493e+00 1.700740376836734180e+00 1.492910498651214279e+00 1.139091514898628921e+00 6.757057995042732301e-01 1.504948964615504536e-01 -3.826834323650907255e-01 -8.697044914425523521e-01 -1.262010833178222935e+00 -1.521774947263721423e+00 -1.625815059958262365e+00 -1.567835815529686760e+00 -1.358761429008719102e+00 -1.025150169221074492e+00 -6.058996654729917886e-01 -1.476466535248200929e-01 3.005902076156606872e-01 6.928965493513321583e-01 9.914448613738109373e-01 1.170410290946823917e+00 1.218391445812885276e+00 1.139091514898630031e+00 9.502248523426015669e-01 6.808249823514650467e-01 3.673165676349096076e-01 4.885416210114013058e-02 -2.374917803398930438e-01
-1.400034577332460728e+00 -1.536529886016551938e+00 -1.521774947263720534e+00 -1.351296007119932474e+00 -1.037505729639775387e+00 -6.087614290087199898e-01 -1.065915156773825090e-01 4.186193873653378805e-01 9.130135182550014328e-01 1.325109260453989801e+00 1.611455202895023753e+00 1.741444861373810493e+00 1.700740376836734180e+00 1.492910498651214279e+00 1.139091514898628921e+00 6.757057995042732301e-01 1.504948964615546725e-01 -3.826834323650907255e-01 -8.697044914425523521e-01 -1.262010833178222935e+00 -1.521774947263721423e+00 -1.625815059958262365e+00 -1.567835815529686538e+00 -1.358761429008720434e+00 -1.025150169221074492e+00 -6.058996654729917886e-01 -1.476466535248200929e-01 3.005902076156606872e-01 6.928965493513321583e-01 9.914448613738109373e-01 1.170410290946823917e+00 1.218391445812885276e+00 1.139091514898630919e+00 9.502248523426015669e-01 6.808249823514650467e-01 3.673165676349096076e-01
