2.320208096133339892e-01 -1.040596560003081983e-02 -2.122278195315960847e-01 -3.504428702258423067e-01 -4.123114052022677223e-01 -3.966245833877198868e-01 -3.134240791338140930e-01 -1.822355254921478596e-01 -2.906667796621323352e-02 1.174235601034669951e-01 2.300758797101201125e-01 2.871531364100684547e-01 2.755175533473700478e-01 1.926414910921783186e-01 4.718021367091895790e-02 -1.419806898776244664e-01 -3.480945603977624314e-01 -5.400476058606774599e-01 -6.865378439303567726e-01 -7.604059656000307088e-01 -7.425579054215073471e-01 -6.249619230641711987e-01 -4.123114052022689435e-01 -1.221055305493919940e-01 2.169060067560961702e-01 5.677644745078513910e-01 8.894919755774773895e-01 1.141942612941795998e+00 1.290736051489941305e+00 1.311672189248397569e+00 1.194076206891061975e+00 9.426414910921798729e-01 5.775102995608312195e-01 1.325383629607054248e-01 -3.480945603977613212e-01 -8.145666586990051306e-01
7.125656113820580950e-01 4.844714469776516541e-01 2.320208096133339892e-01 -1.040596560003081983e-02 -2.122278195315964178e-01 -3.504428702258423067e-01 -4.123114052022677223e-01 -3.966245833877198868e-01 -3.134240791338140930e-01 -1.822355254921475820e-01 -2.906667796621315025e-02 1.174235601034668841e-01 2.300758797101201125e-01 2.871531364100684547e-01 2.755175533473700478e-01 1.926414910921786516e-01 4.718021367091884688e-02 -1.419806898776243553e-01 -3.480945603977630975e-01 -5.400476058606776819e-01 -6.865378439303575497e-01 -7.604059656000307088e-01 -7.425579054215074581e-01 -6.249619230641711987e-01 -4.123114052022689435e-01 -1.221055305493911058e-01 2.169060067560961702e-01 5.677644745078531674e-01 8.894919755774773895e-01 1.141942612941795554e+00 1.290736051489941305e+00 1.311672189248398013e+00 1.194076206891061975e+00 9.426414910921798729e-01 5.775102995608301093e-01 1.325383629607054248e-01
9.657388672146105524e-01 8.825383629607046476e-01 7.125656113820580950e-01 4.844714469776516541e-01 2.320208096133339892e-01 -1.040596560003081983e-02 -2.122278195315964178e-01 -3.504428702258423067e-01 -4.123114052022677223e-01 -3.966245833877201088e-01 -3.134240791338134824e-01 -1.822355254921478596e-01 -2.906667796621323352e-02 1.174235601034669951e-01 2.300758797101201125e-01 2.871531364100684547e-01 2.755175533473700478e-01 1.926414910921783186e-01 4.718021367091895790e-02 -1.419806898776247994e-01 -3.480945603977635416e-01 -5.400476058606776819e-01 -6.865378439303567726e-01 -7.604059656000307088e-01 -7.425579054215073471e-01 -6.249619230641711987e-01 -4.123114052022678333e-01 -1.221055305493911058e-01 2.169060067560979466e-01 5.677644745078531674e-01 8.894919755774790548e-01 1.141942612941795998e+00 1.290736051489941305e+00 1.311672189248397569e+00 1.194076206891061975e+00 9.426414910921786516e-01
8.058476392372809771e-01 9.426414910921782075e-01 9.657388672146105524e-01 8.825383629607046476e-01 7.125656113820580950e-01 4.844714469776516541e-01 2.320208096133339892e-01 -1.040596560003081983e-02 -2.122278195315964178e-01 -3.504428702258423067e-01 -4.123114052022678333e-01 -3.966245833877198868e-01 -3.134240791338140930e-01 -1.822355254921475820e-01 -2.906667796621315025e-02 1.174235601034668841e-01 2.300758797101201125e-01 2.871531364100684547e-01 2.755175533473700478e-01 1.926414910921783186e-01 4.718021367091895790e-02 -1.419806898776247994e-01 -3.480945603977624314e-01 -5.400476058606774599e-01 -6.865378439303567726e-01 -7.604059656000307088e-01 -7.425579054215073471e-01 -6.249619230641711987e-01 -4.123114052022678333e-01 -1.221055305493911058e-01 2.169060067560979466e-01 5.677644745078513910e-01 8.894919755774773895e-01 1.141942612941795998e+00 1.290736051489941305e+00 1.311672189248397569e+00
2.300758797101202235e-01 5.616721892483973466e-01 8.058476392372805330e-01 9.426414910921784296e-01 9.657388672146105524e-01 8.825383629607044256e-01 7.125656113820588722e-01 4.844714469776516541e-01 2.320208096133347664e-01 -1.040596560003081983e-02 -2.122278195315964178e-01 -3.504428702258421957e-01 -4.123114052022678333e-01 -3.966245833877198868e-01 -3.134240791338140930e-01 -1.822355254921479706e-01 -2.906667796621306699e-02 1.174235601034668841e-01 2.300758797101201125e-01 2.871531364100684547e-01 2.755175533473700478e-01 1.926414910921783186e-01 4.718021367091929097e-02 -1.419806898776244664e-01 -3.480945603977624314e-01 -5.400476058606774599e-01 -6.865378439303567726e-01 -7.604059656000307088e-01 -7.425579054215073471e-01 -6.249619230641711987e-01 -4.123114052022678333e-01 -1.221055305493919940e-01 2.169060067560961702e-01 5.677644745078513910e-01 8.894919755774773895e-01 1.141942612941795998e+00
-5.593967638561228028e-01 -1.570954927348616192e-01 2.300758797101202235e-01 5.616721892483975687e-01 8.058476392372809771e-01 9.426414910921782075e-01 9.657388672146107744e-01 8.825383629607046476e-01 7.125656113820580950e-01 4.844714469776508770e-01 2.320208096133339892e-01 -1.040596560003081983e-02 -2.122278195315964178e-01 -3.504428702258423067e-01 -4.123114052022678333e-01 -3.966245833877198868e-01 -3.134240791338140930e-01 -1.822355254921475820e-01 -2.906667796621315025e-02 1.174235601034669951e-01 2.300758797101204456e-01 2.871531364100685657e-01 2.755175533473701588e-01 1.926414910921786516e-01 4.718021367091884688e-02 -1.419806898776243553e-01 -3.480945603977630975e-01 -5.400476058606776819e-01 -6.865378439303575497e-01 -7.604059656000307088e-01 -7.425579054215063479e-01 -6.249619230641711987e-01 -4.123114052022689435e-01 -1.221055305493911058e-01 2.169060067560961702e-01 5.677644745078531674e-01
-1.231982732677505687e+00 -9.322355254921481649e-01 -5.593967638561246902e-01 -1.570954927348616192e-01 2.300758797101202235e-01 5.616721892483973466e-01 8.058476392372808661e-01 9.426414910921784296e-01 9.657388672146105524e-01 8.825383629607046476e-01 7.125656113820580950e-01 4.844714469776516541e-01 2.320208096133347664e-01 -1.040596560003081983e-02 -2.122278195315964178e-01 -3.504428702258421957e-01 -4.123114052022678333e-01 -3.966245833877198868e-01 -3.134240791338140930e-01 -1.822355254921475820e-01 -2.906667796621315025e-02 1.174235601034669951e-01 2.300758797101197795e-01 2.871531364100684547e-01 2.755175533473701588e-01 1.926414910921786516e-01 4.718021367091884688e-02 -1.419806898776243553e-01 -3.480945603977630975e-01 -5.400476058606776819e-01 -6.865378439303575497e-01 -7.604059656000308198e-01 -7.425579054215074581e-01 -6.249619230641711987e-01 -4.123114052022689435e-01 -1.221055305493911058e-01
-1.472971576982089026e+00 -1.421143636226049001e+00 -1.231982732677505687e+00 -9.322355254921481649e-01 -5.593967638561228028e-01 -1.570954927348616192e-01 2.300758797101204456e-01 5.616721892483975687e-01 8.058476392372809771e-01 9.426414910921785406e-01 9.657388672146108854e-01 8.825383629607046476e-01 7.125656113820580950e-01 4.844714469776508770e-01 2.320208096133339892e-01 -1.040596560003081983e-02 -2.122278195315964178e-01 -3.504428702258423067e-01 -4.123114052022678333e-01 -3.966245833877202198e-01 -3.134240791338136489e-01 -1.822355254921474710e-01 -2.906667796621306699e-02 1.174235601034668841e-01 2.300758797101201125e-01 2.871531364100684547e-01 2.755175533473700478e-01 1.926414910921783186e-01 4.718021367091895790e-02 -1.419806898776247994e-01 -3.480945603977635416e-01 -5.400476058606774599e-01 -6.865378439303567726e-01 -7.604059656000307088e-01 -7.425579054215073471e-01 -6.249619230641711987e-01
-1.130786473075288567e+00 -1.374961923064171643e+00 -1.472971576982089026e+00 -1.421143636226049001e+00 -1.231982732677505687e+00 -9.322355254921481649e-01 -5.593967638561246902e-01 -1.570954927348616192e-01 2.300758797101202235e-01 5.616721892483975687e-01 8.058476392372809771e-01 9.426414910921784296e-01 9.657388672146105524e-01 8.825383629607046476e-01 7.125656113820580950e-01 4.844714469776516541e-01 2.320208096133347664e-01 -1.040596560003081983e-02 -2.122278195315964178e-01 -3.504428702258423067e-01 -4.123114052022678333e-01 -3.966245833877202198e-01 -3.134240791338140930e-01 -1.822355254921479706e-01 -2.906667796621306699e-02 1.174235601034668841e-01 2.300758797101201125e-01 2.871531364100684547e-01 2.755175533473700478e-01 1.926414910921783186e-01 4.718021367091895790e-02 -1.419806898776244664e-01 -3.480945603977624314e-01 -5.400476058606774599e-01 -6.865378439303567726e-01 -7.604059656000307088e-01
-2.983092762765757189e-01 -7.604059656000310419e-01 -1.130786473075287901e+00 -1.374961923064170977e+00 -1.472971576982089026e+00 -1.421143636226048557e+00 -1.231982732677505687e+00 -9.322355254921481649e-01 -5.593967638561246902e-01 -1.570954927348616192e-01 2.300758797101202235e-01 5.616721892483973466e-01 8.058476392372805330e-01 9.426414910921784296e-01 9.657388672146105524e-01 8.825383629607043146e-01 7.125656113820586501e-01 4.844714469776516541e-01 2.320208096133347664e-01 -1.040596560003081983e-02 -2.122278195315964178e-01 -3.504428702258423067e-01 -4.123114052022678333e-01 -3.966245833877202198e-01 -3.134240791338140930e-01 -1.822355254921479706e-01 -2.906667796621306699e-02 1.174235601034668841e-01 2.300758797101201125e-01 2.871531364100684547e-01 2.755175533473700478e-01 1.926414910921788737e-01 4.718021367091929097e-02 -1.419806898776244664e-01 -3.480945603977624314e-01 -5.400476058606774599e-01
7.125656113820584281e-01 2.099523941393234006e-01 -2.983092762765757189e-01 -7.604059656000310419e-01 -1.130786473075287901e+00 -1.374961923064170977e+00 -1.472971576982089026e+00 -1.421143636226048557e+00 -1.231982732677505687e+00 -9.322355254921481649e-01 -5.593967638561246902e-01 -1.570954927348633956e-01 2.300758797101188913e-01 5.616721892483973466e-01 8.058476392372805330e-01 9.426414910921784296e-01 9.657388672146107744e-01 8.825383629607043146e-01 7.125656113820586501e-01 4.844714469776516541e-01 2.320208096133347664e-01 -1.040596560003081983e-02 -2.122278195315957516e-01 -3.504428702258420847e-01 -4.123114052022678333e-01 -3.966245833877202198e-01 -3.134240791338140930e-01 -1.822355254921479706e-01 -2.906667796621306699e-02 1.174235601034668841e-01 2.300758797101201125e-01 2.871531364100683437e-01 2.755175533473702698e-01 1.926414910921788737e-01 4.718021367091929097e-02 -1.419806898776244664e-01
1.496068953104520816e+00 1.157057415799032984e+00 7.125656113820563187e-01 2.099523941393234006e-01 -2.983092762765794936e-01 -7.604059656000310419e-01 -1.130786473075288567e+00 -1.374961923064171643e+00 -1.472971576982089026e+00 -1.421143636226049001e+00 -1.231982732677505687e+00 -9.322355254921481649e-01 -5.593967638561228028e-01 -1.570954927348615082e-01 2.300758797101216668e-01 5.616721892483975687e-01 8.058476392372809771e-01 9.426414910921785406e-01 9.657388672146108854e-01 8.825383629607040925e-01 7.125656113820575399e-01 4.844714469776509880e-01 2.320208096133347664e-01 -1.040596560003081983e-02 -2.122278195315964178e-01 -3.504428702258423067e-01 -4.123114052022678333e-01 -3.966245833877202198e-01 -3.134240791338136489e-01 -1.822355254921474710e-01 -2.906667796621256739e-02 1.174235601034668841e-01 2.300758797101201125e-01 2.871531364100684547e-01 2.755175533473700478e-01 1.926414910921783186e-01
1.724406292780972461e+00 1.692641491092178097e+00 1.496068953104520816e+00 1.157057415799033429e+00 7.125656113820563187e-01 2.099523941393234006e-01 -2.983092762765757189e-01 -7.604059656000310419e-01 -1.130786473075288567e+00 -1.374961923064171643e+00 -1.472971576982089026e+00 -1.421143636226049001e+00 -1.231982732677505687e+00 -9.322355254921481649e-01 -5.593967638561228028e-01 -1.570954927348616192e-01 2.300758797101202235e-01 5.616721892483975687e-01 8.058476392372809771e-01 9.426414910921785406e-01 9.657388672146108854e-01 8.825383629607040925e-01 7.125656113820586501e-01 4.844714469776516541e-01 2.320208096133347664e-01 -1.040596560003081983e-02 -2.122278195315964178e-01 -3.504428702258423067e-01 -4.123114052022678333e-01 -3.966245833877202198e-01 -3.134240791338136489e-01 -1.822355254921479706e-01 -2.906667796621306699e-02 1.174235601034668841e-01 2.300758797101201125e-01 2.871531364100684547e-01
1.290736051489941749e+00 1.586191242086726572e+00 1.724406292780972461e+00 1.692641491092178763e+00 1.496068953104520816e+00 1.157057415799033429e+00 7.125656113820584281e-01 2.099523941393234006e-01 -2.983092762765757189e-01 -7.604059656000310419e-01 -1.130786473075288567e+00 -1.374961923064170977e+00 -1.472971576982089026e+00 -1.421143636226049001e+00 -1.231982732677505687e+00 -9.322355254921481649e-01 -5.593967638561246902e-01 -1.570954927348616192e-01 2.300758797101202235e-01 5.616721892483975687e-01 8.058476392372809771e-01 9.426414910921785406e-01 9.657388672146107744e-01 8.825383629607043146e-01 7.125656113820586501e-01 4.844714469776516541e-01 2.320208096133347664e-01 -1.040596560003081983e-02 -2.122278195315964178e-01 -3.504428702258423067e-01 -4.123114052022678333e-01 -3.966245833877202198e-01 -3.134240791338140930e-01 -1.822355254921479706e-01 -2.906667796621306699e-02 1.174235601034668841e-01
3.591618896875673483e-01 8.674235601034681054e-01 1.290736051489941749e+00 1.586191242086726128e+00 1.724406292780972461e+00 1.692641491092178763e+00 1.496068953104522148e+00 1.157057415799033429e+00 7.125656113820584281e-01 2.099523941393234006e-01 -2.983092762765757189e-01 -7.604059656000310419e-01 -1.130786473075287901e+00 -1.374961923064170977e+00 -1.472971576982089026e+00 -1.421143636226048557e+00 -1.231982732677505687e+00 -9.322355254921481649e-01 -5.593967638561246902e-01 -1.570954927348616192e-01 2.300758797101202235e-01 5.616721892483975687e-01 8.058476392372802000e-01 9.426414910921784296e-01 9.657388672146107744e-01 8.825383629607043146e-01 7.125656113820586501e-01 4.844714469776516541e-01 2.320208096133347664e-01 -1.040596560003081983e-02 -2.122278195315964178e-01 -3.504428702258420847e-01 -4.123114052022678333e-01 -3.966245833877202198e-01 -3.134240791338140930e-01 -1.822355254921479706e-01
-7.016526467875943140e-01 -1.822355254921452228e-01 3.591618896875697908e-01 8.674235601034685494e-01 1.290736051489941749e+00 1.586191242086726572e+00 1.724406292780972461e+00 1.692641491092178097e+00 1.496068953104520816e+00 1.157057415799032984e+00 7.125656113820563187e-01 2.099523941393234006e-01 -2.983092762765794936e-01 -7.604059656000328182e-01 -1.130786473075289233e+00 -1.374961923064171643e+00 -1.472971576982089026e+00 -1.421143636226049001e+00 -1.231982732677505687e+00 -9.322355254921463885e-01 -5.593967638561226918e-01 -1.570954927348597319e-01 2.300758797101202235e-01 5.616721892483975687e-01 8.058476392372809771e-01 9.426414910921785406e-01 9.657388672146108854e-01 8.825383629607040925e-01 7.125656113820575399e-01 4.844714469776509880e-01 2.320208096133333231e-01 -1.040596560003081983e-02 -2.122278195315964178e-01 -3.504428702258423067e-01 -4.123114052022678333e-01 -3.966245833877202198e-01
-1.472971576982088138e+00 -1.146624583387719110e+00 -7.016526467875943140e-01 -1.822355254921452228e-01 3.591618896875673483e-01 8.674235601034681054e-01 1.290736051489941749e+00 1.586191242086726572e+00 1.724406292780972461e+00 1.692641491092178097e+00 1.496068953104520816e+00 1.157057415799033429e+00 7.125656113820563187e-01 2.099523941393234006e-01 -2.983092762765794936e-01 -7.604059656000310419e-01 -1.130786473075288567e+00 -1.374961923064171643e+00 -1.472971576982089026e+00 -1.421143636226049001e+00 -1.231982732677505687e+00 -9.322355254921463885e-01 -5.593967638561246902e-01 -1.570954927348616192e-01 2.300758797101202235e-01 5.616721892483975687e-01 8.058476392372809771e-01 9.426414910921785406e-01 9.657388672146108854e-01 8.825383629607040925e-01 7.125656113820575399e-01 4.844714469776516541e-01 2.320208096133347664e-01 -1.040596560003081983e-02 -2.122278195315964178e-01 -3.504428702258423067e-01
-1.661116558965199497e+00 -1.649480975902500424e+00 -1.472971576982088138e+00 -1.146624583387719110e+00 -7.016526467875943140e-01 -1.822355254921476375e-01 3.591618896875673483e-01 8.674235601034681054e-01 1.290736051489941749e+00 1.586191242086726572e+00 1.724406292780972461e+00 1.692641491092178763e+00 1.496068953104520816e+00 1.157057415799033429e+00 7.125656113820563187e-01 2.099523941393234006e-01 -2.983092762765757189e-01 -7.604059656000310419e-01 -1.130786473075288567e+00 -1.374961923064171643e+00 -1.472971576982089026e+00 -1.421143636226049001e+00 -1.231982732677505687e+00 -9.322355254921481649e-01 -5.593967638561246902e-01 -1.570954927348616192e-01 2.300758797101202235e-01 5.616721892483975687e-01 8.058476392372809771e-01 9.426414910921785406e-01 9.657388672146108854e-01 8.825383629607043146e-01 7.125656113820586501e-01 4.844714469776516541e-01 2.320208096133347664e-01 -1.040596560003081983e-02
