-2.681017819245207212e-01 -1.410065241883677878e-01 4.244600965430289641e-02 2.587879243490554537e-01 4.779941296469670253e-01 6.673717047227372134e-01 7.959293069789387109e-01 8.386705679454240503e-01 7.802557809583448023e-01 6.175461516413218721e-01 3.606764382984573025e-01 3.247930722416947358e-02 -3.337132412275276017e-01 -6.976640437570567066e-01 -1.016816074439538031e+00 -1.251334075990377270e+00 -1.369000653835334536e+00 -1.349370064785235579e+00 -1.186660435468212649e+00 -8.910065241883680098e-01 -4.878840762356080329e-01 -1.573112848927366025e-02 4.779941296469649159e-01 9.418907575610646621e-01 1.326259392868849085e+00 1.588670567945423606e+00 1.698814434502036175e+00 1.642065204479651097e+00 1.421336610078278717e+00 1.056998360062499476e+00 5.848454123161636042e-01 5.233595624294615223e-02 -4.864859885496251035e-01 -9.768150231520473792e-01 -1.369000653835333647e+00 -1.623889117623563916e+00
-3.083404820555135650e-01 -3.248510119469062429e-01 -2.681017819245207212e-01 -1.410065241883677878e-01 4.244600965430289641e-02 2.587879243490554537e-01 4.779941296469670253e-01 6.673717047227372134e-01 7.959293069789387109e-01 8.386705679454241613e-01 7.802557809583445803e-01 6.175461516413220942e-01 3.606764382984573025e-01 3.247930722416947358e-02 -3.337132412275276017e-01 -6.976640437570558184e-01 -1.016816074439538031e+00 -1.251334075990377048e+00 -1.369000653835334980e+00 -1.349370064785235135e+00 -1.186660435468212427e+00 -8.910065241883680098e-01 -4.878840762356099203e-01 -1.573112848927366025e-02 4.779941296469649159e-01 9.418907575610658833e-01 1.326259392868849085e+00 1.588670567945424494e+00 1.698814434502036175e+00 1.642065204479650653e+00 1.421336610078278717e+00 1.056998360062499920e+00 5.848454123161636042e-01 5.233595624294615223e-02 -4.864859885496267689e-01 -9.768150231520473792e-01
-9.825742089584660333e-02 -2.268150231520481563e-01 -3.083404820555135650e-01 -3.248510119469062429e-01 -2.681017819245207212e-01 -1.410065241883677878e-01 4.244600965430289641e-02 2.587879243490554537e-01 4.779941296469670253e-01 6.673717047227369914e-01 7.959293069789392661e-01 8.386705679454240503e-01 7.802557809583448023e-01 6.175461516413218721e-01 3.606764382984573025e-01 3.247930722416947358e-02 -3.337132412275276017e-01 -6.976640437570567066e-01 -1.016816074439538031e+00 -1.251334075990377492e+00 -1.369000653835334980e+00 -1.349370064785235135e+00 -1.186660435468212649e+00 -8.910065241883680098e-01 -4.878840762356080329e-01 -1.573112848927366025e-02 4.779941296469671363e-01 9.418907575610658833e-01 1.326259392868850640e+00 1.588670567945424494e+00 1.698814434502036619e+00 1.642065204479651097e+00 1.421336610078278717e+00 1.056998360062499476e+00 5.848454123161636042e-01 5.233595624294370974e-02
1.966168446623831334e-01 5.233595624294393178e-02 -9.825742089584660333e-02 -2.268150231520481563e-01 -3.083404820555135650e-01 -3.248510119469062429e-01 -2.681017819245207212e-01 -1.410065241883677878e-01 4.244600965430289641e-02 2.587879243490554537e-01 4.779941296469673584e-01 6.673717047227372134e-01 7.959293069789387109e-01 8.386705679454241613e-01 7.802557809583445803e-01 6.175461516413220942e-01 3.606764382984573025e-01 3.247930722416947358e-02 -3.337132412275276017e-01 -6.976640437570567066e-01 -1.016816074439538031e+00 -1.251334075990377492e+00 -1.369000653835334536e+00 -1.349370064785235579e+00 -1.186660435468212649e+00 -8.910065241883680098e-01 -4.878840762356080329e-01 -1.573112848927366025e-02 4.779941296469671363e-01 9.418907575610658833e-01 1.326259392868850640e+00 1.588670567945423606e+00 1.698814434502036175e+00 1.642065204479651097e+00 1.421336610078278717e+00 1.056998360062499476e+00
3.606764382984571915e-01 3.069983600624984210e-01 1.966168446623826338e-01 5.233595624294376525e-02 -9.825742089584660333e-02 -2.268150231520483784e-01 -3.083404820555136761e-01 -3.248510119469062429e-01 -2.681017819245208322e-01 -1.410065241883677878e-01 4.244600965430289641e-02 2.587879243490551762e-01 4.779941296469666923e-01 6.673717047227372134e-01 7.959293069789387109e-01 8.386705679454240503e-01 7.802557809583449133e-01 6.175461516413220942e-01 3.606764382984573025e-01 3.247930722416947358e-02 -3.337132412275276017e-01 -6.976640437570567066e-01 -1.016816074439537365e+00 -1.251334075990377270e+00 -1.369000653835334536e+00 -1.349370064785235579e+00 -1.186660435468212649e+00 -8.910065241883680098e-01 -4.878840762356080329e-01 -1.573112848927366025e-02 4.779941296469671363e-01 9.418907575610646621e-01 1.326259392868849085e+00 1.588670567945423606e+00 1.698814434502036175e+00 1.642065204479651097e+00
2.499256950684340950e-01 3.430270988029930912e-01 3.606764382984571915e-01 3.069983600624980324e-01 1.966168446623831334e-01 5.233595624294393178e-02 -9.825742089584643679e-02 -2.268150231520481563e-01 -3.083404820555135650e-01 -3.248510119469061319e-01 -2.681017819245207212e-01 -1.410065241883677878e-01 4.244600965430289641e-02 2.587879243490554537e-01 4.779941296469673584e-01 6.673717047227372134e-01 7.959293069789387109e-01 8.386705679454241613e-01 7.802557809583445803e-01 6.175461516413218721e-01 3.606764382984566364e-01 3.247930722416858540e-02 -3.337132412275271021e-01 -6.976640437570558184e-01 -1.016816074439538031e+00 -1.251334075990377048e+00 -1.369000653835334980e+00 -1.349370064785235135e+00 -1.186660435468212427e+00 -8.910065241883680098e-01 -4.878840762356060901e-01 -1.573112848927366025e-02 4.779941296469649159e-01 9.418907575610658833e-01 1.326259392868849085e+00 1.588670567945424494e+00
-1.226293465647535497e-01 8.867056794542338416e-02 2.499256950684339840e-01 3.430270988029930912e-01 3.606764382984571915e-01 3.069983600624984210e-01 1.966168446623829669e-01 5.233595624294376525e-02 -9.825742089584660333e-02 -2.268150231520481563e-01 -3.083404820555135650e-01 -3.248510119469062429e-01 -2.681017819245208322e-01 -1.410065241883677878e-01 4.244600965430289641e-02 2.587879243490551762e-01 4.779941296469666923e-01 6.673717047227372134e-01 7.959293069789387109e-01 8.386705679454241613e-01 7.802557809583445803e-01 6.175461516413218721e-01 3.606764382984578576e-01 3.247930722416991767e-02 -3.337132412275271021e-01 -6.976640437570558184e-01 -1.016816074439538031e+00 -1.251334075990377048e+00 -1.369000653835334980e+00 -1.349370064785235135e+00 -1.186660435468212427e+00 -8.910065241883691201e-01 -4.878840762356099203e-01 -1.573112848927366025e-02 4.779941296469649159e-01 9.418907575610658833e-01
-5.826660421328546668e-01 -3.571473481155928442e-01 -1.226293465647535497e-01 8.867056794542438336e-02 2.499256950684340950e-01 3.430270988029930912e-01 3.606764382984569695e-01 3.069983600624980324e-01 1.966168446623831334e-01 5.233595624294337667e-02 -9.825742089584710293e-02 -2.268150231520481563e-01 -3.083404820555135650e-01 -3.248510119469061319e-01 -2.681017819245207212e-01 -1.410065241883677878e-01 4.244600965430289641e-02 2.587879243490554537e-01 4.779941296469673584e-01 6.673717047227372134e-01 7.959293069789391550e-01 8.386705679454240503e-01 7.802557809583449133e-01 6.175461516413220942e-01 3.606764382984573025e-01 3.247930722416947358e-02 -3.337132412275276017e-01 -6.976640437570567066e-01 -1.016816074439538031e+00 -1.251334075990377492e+00 -1.369000653835334980e+00 -1.349370064785235579e+00 -1.186660435468212649e+00 -8.910065241883680098e-01 -4.878840762356080329e-01 -1.573112848927366025e-02
-8.761126438893882540e-01 -7.657311284892736047e-01 -5.826660421328544448e-01 -3.571473481155927332e-01 -1.226293465647535497e-01 8.867056794542338416e-02 2.499256950684339840e-01 3.430270988029930912e-01 3.606764382984571915e-01 3.069983600624980324e-01 1.966168446623831334e-01 5.233595624294376525e-02 -9.825742089584660333e-02 -2.268150231520481563e-01 -3.083404820555135650e-01 -3.248510119469062429e-01 -2.681017819245208322e-01 -1.410065241883677878e-01 4.244600965430289641e-02 2.587879243490554537e-01 4.779941296469673584e-01 6.673717047227372134e-01 7.959293069789387109e-01 8.386705679454240503e-01 7.802557809583449133e-01 6.175461516413220942e-01 3.606764382984573025e-01 3.247930722416947358e-02 -3.337132412275276017e-01 -6.976640437570567066e-01 -1.016816074439538031e+00 -1.251334075990377270e+00 -1.369000653835334536e+00 -1.349370064785235579e+00 -1.186660435468212649e+00 -8.910065241883680098e-01
-7.984318678144318726e-01 -8.910065241883673437e-01 -8.761126438893882540e-01 -7.657311284892730496e-01 -5.826660421328544448e-01 -3.571473481155924001e-01 -1.226293465647534386e-01 8.867056794542338416e-02 2.499256950684339840e-01 3.430270988029930912e-01 3.606764382984571915e-01 3.069983600624984210e-01 1.966168446623826338e-01 5.233595624294376525e-02 -9.825742089584660333e-02 -2.268150231520478233e-01 -3.083404820555133430e-01 -3.248510119469062429e-01 -2.681017819245208322e-01 -1.410065241883677878e-01 4.244600965430289641e-02 2.587879243490554537e-01 4.779941296469661371e-01 6.673717047227365473e-01 7.959293069789387109e-01 8.386705679454240503e-01 7.802557809583449133e-01 6.175461516413220942e-01 3.606764382984573025e-01 3.247930722416947358e-02 -3.337132412275276017e-01 -6.976640437570549302e-01 -1.016816074439537365e+00 -1.251334075990377270e+00 -1.369000653835334536e+00 -1.349370064785235579e+00
-3.083404820555130099e-01 -5.993700647852352459e-01 -7.984318678144318726e-01 -8.910065241883673437e-01 -8.761126438893882540e-01 -7.657311284892730496e-01 -5.826660421328540007e-01 -3.571473481155924001e-01 -1.226293465647534386e-01 8.867056794542338416e-02 2.499256950684339840e-01 3.430270988029928692e-01 3.606764382984573025e-01 3.069983600624984210e-01 1.966168446623826338e-01 5.233595624294343218e-02 -9.825742089584604821e-02 -2.268150231520478233e-01 -3.083404820555133430e-01 -3.248510119469062429e-01 -2.681017819245208322e-01 -1.410065241883677878e-01 4.244600965430200823e-02 2.587879243490544545e-01 4.779941296469661371e-01 6.673717047227365473e-01 7.959293069789387109e-01 8.386705679454240503e-01 7.802557809583449133e-01 6.175461516413220942e-01 3.606764382984573025e-01 3.247930722417080585e-02 -3.337132412275261584e-01 -6.976640437570549302e-01 -1.016816074439537365e+00 -1.251334075990377270e+00
4.320726649940644926e-01 4.770402968627951434e-02 -3.083404820555153414e-01 -5.993700647852352459e-01 -7.984318678144323167e-01 -8.910065241883673437e-01 -8.761126438893882540e-01 -7.657311284892736047e-01 -5.826660421328546668e-01 -3.571473481155928442e-01 -1.226293465647522174e-01 8.867056794542438336e-02 2.499256950684340950e-01 3.430270988029930912e-01 3.606764382984569695e-01 3.069983600624980324e-01 1.966168446623831334e-01 5.233595624294337667e-02 -9.825742089584710293e-02 -2.268150231520487115e-01 -3.083404820555137871e-01 -3.248510119469062429e-01 -2.681017819245208322e-01 -1.410065241883677878e-01 4.244600965430289641e-02 2.587879243490554537e-01 4.779941296469673584e-01 6.673717047227372134e-01 7.959293069789391550e-01 8.386705679454240503e-01 7.802557809583443582e-01 6.175461516413220942e-01 3.606764382984573025e-01 3.247930722416947358e-02 -3.337132412275276017e-01 -6.976640437570567066e-01
1.115175498206074423e+00 8.023359562429436265e-01 4.320726649940644926e-01 4.770402968628129070e-02 -3.083404820555153414e-01 -5.993700647852352459e-01 -7.984318678144318726e-01 -8.910065241883673437e-01 -8.761126438893882540e-01 -7.657311284892736047e-01 -5.826660421328546668e-01 -3.571473481155927332e-01 -1.226293465647535497e-01 8.867056794542438336e-02 2.499256950684340950e-01 3.430270988029930912e-01 3.606764382984571915e-01 3.069983600624980324e-01 1.966168446623831334e-01 5.233595624294337667e-02 -9.825742089584710293e-02 -2.268150231520487115e-01 -3.083404820555133430e-01 -3.248510119469062429e-01 -2.681017819245208322e-01 -1.410065241883677878e-01 4.244600965430289641e-02 2.587879243490554537e-01 4.779941296469673584e-01 6.673717047227372134e-01 7.959293069789391550e-01 8.386705679454240503e-01 7.802557809583449133e-01 6.175461516413220942e-01 3.606764382984573025e-01 3.247930722416947358e-02
1.421336610078277829e+00 1.331517412900826702e+00 1.115175498206074423e+00 8.023359562429436265e-01 4.320726649940644926e-01 4.770402968628129070e-02 -3.083404820555130099e-01 -5.993700647852352459e-01 -7.984318678144318726e-01 -8.910065241883673437e-01 -8.761126438893882540e-01 -7.657311284892730496e-01 -5.826660421328544448e-01 -3.571473481155927332e-01 -1.226293465647535497e-01 8.867056794542338416e-02 2.499256950684339840e-01 3.430270988029930912e-01 3.606764382984571915e-01 3.069983600624980324e-01 1.966168446623831334e-01 5.233595624294337667e-02 -9.825742089584604821e-02 -2.268150231520478233e-01 -3.083404820555133430e-01 -3.248510119469062429e-01 -2.681017819245208322e-01 -1.410065241883677878e-01 4.244600965430289641e-02 2.587879243490554537e-01 4.779941296469673584e-01 6.673717047227365473e-01 7.959293069789387109e-01 8.386705679454240503e-01 7.802557809583449133e-01 6.175461516413220942e-01
1.168484348612125467e+00 1.367546151641322094e+00 1.421336610078277829e+00 1.331517412900826258e+00 1.115175498206074423e+00 8.023359562429436265e-01 4.320726649940647146e-01 4.770402968628129070e-02 -3.083404820555130099e-01 -5.993700647852352459e-01 -7.984318678144318726e-01 -8.910065241883673437e-01 -8.761126438893882540e-01 -7.657311284892730496e-01 -5.826660421328544448e-01 -3.571473481155924001e-01 -1.226293465647534386e-01 8.867056794542338416e-02 2.499256950684339840e-01 3.430270988029930912e-01 3.606764382984571915e-01 3.069983600624980324e-01 1.966168446623839383e-01 5.233595624294343218e-02 -9.825742089584604821e-02 -2.268150231520478233e-01 -3.083404820555133430e-01 -3.248510119469062429e-01 -2.681017819245208322e-01 -1.410065241883677878e-01 4.244600965430289641e-02 2.587879243490544545e-01 4.779941296469661371e-01 6.673717047227365473e-01 7.959293069789387109e-01 8.386705679454240503e-01
4.077007393251605993e-01 8.386705679454263818e-01 1.168484348612127022e+00 1.367546151641322538e+00 1.421336610078277829e+00 1.331517412900826702e+00 1.115175498206074423e+00 8.023359562429436265e-01 4.320726649940644926e-01 4.770402968627951434e-02 -3.083404820555153414e-01 -5.993700647852352459e-01 -7.984318678144323167e-01 -8.910065241883680098e-01 -8.761126438893889201e-01 -7.657311284892736047e-01 -5.826660421328546668e-01 -3.571473481155928442e-01 -1.226293465647522174e-01 8.867056794542538256e-02 2.499256950684346501e-01 3.430270988029932022e-01 3.606764382984571915e-01 3.069983600624980324e-01 1.966168446623831334e-01 5.233595624294337667e-02 -9.825742089584710293e-02 -2.268150231520487115e-01 -3.083404820555137871e-01 -3.248510119469062429e-01 -2.681017819245204992e-01 -1.410065241883677878e-01 4.244600965430289641e-02 2.587879243490554537e-01 4.779941296469673584e-01 6.673717047227372134e-01
-5.826660421328535566e-01 -8.262829527726278656e-02 4.077007393251605993e-01 8.386705679454263818e-01 1.168484348612125467e+00 1.367546151641322094e+00 1.421336610078277829e+00 1.331517412900826702e+00 1.115175498206074423e+00 8.023359562429436265e-01 4.320726649940644926e-01 4.770402968628129070e-02 -3.083404820555153414e-01 -5.993700647852352459e-01 -7.984318678144323167e-01 -8.910065241883673437e-01 -8.761126438893882540e-01 -7.657311284892736047e-01 -5.826660421328546668e-01 -3.571473481155928442e-01 -1.226293465647522174e-01 8.867056794542538256e-02 2.499256950684339840e-01 3.430270988029930912e-01 3.606764382984571915e-01 3.069983600624980324e-01 1.966168446623831334e-01 5.233595624294337667e-02 -9.825742089584710293e-02 -2.268150231520487115e-01 -3.083404820555137871e-01 -3.248510119469062429e-01 -2.681017819245208322e-01 -1.410065241883677878e-01 4.244600965430289641e-02 2.587879243490554537e-01
-1.406442729779298961e+00 -1.040250181327602164e+00 -5.826660421328535566e-01 -8.262829527726278656e-02 4.077007393251577128e-01 8.386705679454237172e-01 1.168484348612125467e+00 1.367546151641322094e+00 1.421336610078277829e+00 1.331517412900826702e+00 1.115175498206074423e+00 8.023359562429436265e-01 4.320726649940644926e-01 4.770402968628129070e-02 -3.083404820555153414e-01 -5.993700647852352459e-01 -7.984318678144318726e-01 -8.910065241883673437e-01 -8.761126438893882540e-01 -7.657311284892736047e-01 -5.826660421328546668e-01 -3.571473481155928442e-01 -1.226293465647534386e-01 8.867056794542338416e-02 2.499256950684339840e-01 3.430270988029930912e-01 3.606764382984571915e-01 3.069983600624980324e-01 1.966168446623831334e-01 5.233595624294337667e-02 -9.825742089584710293e-02 -2.268150231520478233e-01 -3.083404820555133430e-01 -3.248510119469062429e-01 -2.681017819245208322e-01 -1.410065241883677878e-01
