4.885416210114112978e-02 3.673165676349103292e-01 6.808249823514653798e-01 9.502248523426023441e-01 1.139091514898631363e+00 1.218391445812885721e+00 1.170410290946823917e+00 9.914448613738103822e-01 6.928965493513312701e-01 3.005902076156597436e-01 -1.476466535248208145e-01 -6.058996654729930098e-01 -1.025150169221074492e+00 -1.358761429008721100e+00 -1.567835815529686982e+00 -1.625815059958262587e+00 -1.521774947263721423e+00 -1.262010833178222047e+00 -8.697044914425511308e-01 -3.826834323650900038e-01 1.504948964615545892e-01 6.757057995042732301e-01 1.139091514898629587e+00 1.492910498651214279e+00 1.700740376836734180e+00 1.741444861373810493e+00 1.611455202895023753e+00 1.325109260453989357e+00 9.130135182550010997e-01 4.186193873653375475e-01 -1.065915156773828421e-01 -6.087614290087182134e-01 -1.037505729639774721e+00 -1.351296007119932696e+00 -1.521774947263720534e+00 -1.536529886016551494e+00
-4.611147754838996748e-01 -2.374917803398924887e-01 4.885416210114112978e-02 3.673165676349103292e-01 6.808249823514653798e-01 9.502248523426023441e-01 1.139091514898631363e+00 1.218391445812885721e+00 1.170410290946823917e+00 9.914448613738102711e-01 6.928965493513307150e-01 3.005902076156603542e-01 -1.476466535248208145e-01 -6.058996654729930098e-01 -1.025150169221074492e+00 -1.358761429008720434e+00 -1.567835815529686982e+00 -1.625815059958262587e+00 -1.521774947263720978e+00 -1.262010833178221159e+00 -8.697044914425504647e-01 -3.826834323650900038e-01 1.504948964615521467e-01 6.757057995042732301e-01 1.139091514898629587e+00 1.492910498651214724e+00 1.700740376836734180e+00 1.741444861373810493e+00 1.611455202895023753e+00 1.325109260453988913e+00 9.130135182550010997e-01 4.186193873653379915e-01 -1.065915156773828421e-01 -6.087614290087182134e-01 -1.037505729639775609e+00 -1.351296007119932696e+00
-6.492771619859951659e-01 -6.012960071199333623e-01 -4.611147754838996748e-01 -2.374917803398924887e-01 4.885416210114112978e-02 3.673165676349103292e-01 6.808249823514653798e-01 9.502248523426023441e-01 1.139091514898631363e+00 1.218391445812885721e+00 1.170410290946823917e+00 9.914448613738103822e-01 6.928965493513312701e-01 3.005902076156597436e-01 -1.476466535248208145e-01 -6.058996654729930098e-01 -1.025150169221074492e+00 -1.358761429008721100e+00 -1.567835815529686982e+00 -1.625815059958262143e+00 -1.521774947263720534e+00 -1.262010833178221159e+00 -8.697044914425511308e-01 -3.826834323650900038e-01 1.504948964615545892e-01 6.757057995042732301e-01 1.139091514898631363e+00 1.492910498651214724e+00 1.700740376836734846e+00 1.741444861373810493e+00 1.611455202895022865e+00 1.325109260453989357e+00 9.130135182550010997e-01 4.186193873653375475e-01 -1.065915156773828421e-01 -6.087614290087203228e-01
-4.948200833311641178e-01 -6.087614290087208779e-01 -6.492771619859951659e-01 -6.012960071199333623e-01 -4.611147754838995638e-01 -2.374917803398924887e-01 4.885416210114112978e-02 3.673165676349103292e-01 6.808249823514653798e-01 9.502248523426026772e-01 1.139091514898631363e+00 1.218391445812885721e+00 1.170410290946823917e+00 9.914448613738102711e-01 6.928965493513307150e-01 3.005902076156603542e-01 -1.476466535248208145e-01 -6.058996654729930098e-01 -1.025150169221074492e+00 -1.358761429008721100e+00 -1.567835815529686982e+00 -1.625815059958262143e+00 -1.521774947263721423e+00 -1.262010833178222047e+00 -8.697044914425511308e-01 -3.826834323650900038e-01 1.504948964615545892e-01 6.757057995042732301e-01 1.139091514898631363e+00 1.492910498651214724e+00 1.700740376836734846e+00 1.741444861373810493e+00 1.611455202895023753e+00 1.325109260453989357e+00 9.130135182550010997e-01 4.186193873653375475e-01
-1.476466535248206480e-01 -3.313806126346635628e-01 -4.948200833311637847e-01 -6.087614290087209890e-01 -6.492771619859951659e-01 -6.012960071199333623e-01 -4.611147754838997859e-01 -2.374917803398928218e-01 4.885416210114112978e-02 3.673165676349103292e-01 6.808249823514653798e-01 9.502248523426020110e-01 1.139091514898631141e+00 1.218391445812885721e+00 1.170410290946823917e+00 9.914448613738108262e-01 6.928965493513313811e-01 3.005902076156603542e-01 -1.476466535248208145e-01 -6.058996654729930098e-01 -1.025150169221074492e+00 -1.358761429008721100e+00 -1.567835815529686538e+00 -1.625815059958262587e+00 -1.521774947263721423e+00 -1.262010833178222047e+00 -8.697044914425511308e-01 -3.826834323650900038e-01 1.504948964615545892e-01 6.757057995042732301e-01 1.139091514898631363e+00 1.492910498651214279e+00 1.700740376836734180e+00 1.741444861373810493e+00 1.611455202895023753e+00 1.325109260453989357e+00
1.625664634614202297e-01 2.607115477733112918e-02 -1.476466535248206480e-01 -3.313806126346641734e-01 -4.948200833311641178e-01 -6.087614290087208779e-01 -6.492771619859949439e-01 -6.012960071199333623e-01 -4.611147754838995638e-01 -2.374917803398923777e-01 4.885416210114146285e-02 3.673165676349103292e-01 6.808249823514653798e-01 9.502248523426026772e-01 1.139091514898631363e+00 1.218391445812885721e+00 1.170410290946823917e+00 9.914448613738102711e-01 6.928965493513307150e-01 3.005902076156597436e-01 -1.476466535248218692e-01 -6.058996654729941200e-01 -1.025150169221074048e+00 -1.358761429008720434e+00 -1.567835815529686982e+00 -1.625815059958262587e+00 -1.521774947263720978e+00 -1.262010833178221159e+00 -8.697044914425504647e-01 -3.826834323650900038e-01 1.504948964615567542e-01 6.757057995042732301e-01 1.139091514898629587e+00 1.492910498651214724e+00 1.700740376836734180e+00 1.741444861373810493e+00
2.518516374031319893e-01 2.414448613738104932e-01 1.625664634614201187e-01 2.607115477733112918e-02 -1.476466535248206480e-01 -3.313806126346635628e-01 -4.948200833311643398e-01 -6.087614290087209890e-01 -6.492771619859951659e-01 -6.012960071199333623e-01 -4.611147754838995638e-01 -2.374917803398928218e-01 4.885416210114112978e-02 3.673165676349103292e-01 6.808249823514653798e-01 9.502248523426020110e-01 1.139091514898631141e+00 1.218391445812885721e+00 1.170410290946823917e+00 9.914448613738102711e-01 6.928965493513307150e-01 3.005902076156597436e-01 -1.476466535248198153e-01 -6.058996654729924547e-01 -1.025150169221074048e+00 -1.358761429008720434e+00 -1.567835815529686982e+00 -1.625815059958262587e+00 -1.521774947263720978e+00 -1.262010833178221159e+00 -8.697044914425504647e-01 -3.826834323650914471e-01 1.504948964615521467e-01 6.757057995042732301e-01 1.139091514898629587e+00 1.492910498651214724e+00
7.843134311881005960e-02 1.938723929745564956e-01 2.518516374031319893e-01 2.414448613738102711e-01 1.625664634614202297e-01 2.607115477733112918e-02 -1.476466535248212586e-01 -3.313806126346641734e-01 -4.948200833311641178e-01 -6.087614290087205449e-01 -6.492771619859952770e-01 -6.012960071199333623e-01 -4.611147754838995638e-01 -2.374917803398923777e-01 4.885416210114146285e-02 3.673165676349103292e-01 6.808249823514653798e-01 9.502248523426026772e-01 1.139091514898631363e+00 1.218391445812885721e+00 1.170410290946823917e+00 9.914448613738098270e-01 6.928965493513313811e-01 3.005902076156603542e-01 -1.476466535248208145e-01 -6.058996654729930098e-01 -1.025150169221074492e+00 -1.358761429008721100e+00 -1.567835815529686982e+00 -1.625815059958262143e+00 -1.521774947263720534e+00 -1.262010833178222047e+00 -8.697044914425511308e-01 -3.826834323650900038e-01 1.504948964615545892e-01 6.757057995042732301e-01
-2.377336711922251600e-01 -7.429420049572638129e-02 7.843134311881028164e-02 1.938723929745566066e-01 2.518516374031319893e-01 2.414448613738104932e-01 1.625664634614201187e-01 2.607115477733112918e-02 -1.476466535248206480e-01 -3.313806126346641734e-01 -4.948200833311641178e-01 -6.087614290087209890e-01 -6.492771619859951659e-01 -6.012960071199333623e-01 -4.611147754838995638e-01 -2.374917803398928218e-01 4.885416210114112978e-02 3.673165676349103292e-01 6.808249823514653798e-01 9.502248523426026772e-01 1.139091514898631363e+00 1.218391445812885721e+00 1.170410290946824139e+00 9.914448613738108262e-01 6.928965493513313811e-01 3.005902076156603542e-01 -1.476466535248208145e-01 -6.058996654729930098e-01 -1.025150169221074492e+00 -1.358761429008721100e+00 -1.567835815529686982e+00 -1.625815059958262587e+00 -1.521774947263721423e+00 -1.262010833178222047e+00 -8.697044914425511308e-01 -3.826834323650900038e-01
-4.814759237887697996e-01 -3.826834323650899483e-01 -2.377336711922269363e-01 -7.429420049572743601e-02 7.843134311881028164e-02 1.938723929745569396e-01 2.518516374031321003e-01 2.414448613738104932e-01 1.625664634614201187e-01 2.607115477733112918e-02 -1.476466535248206480e-01 -3.313806126346635628e-01 -4.948200833311637847e-01 -6.087614290087209890e-01 -6.492771619859951659e-01 -6.012960071199334733e-01 -4.611147754838998969e-01 -2.374917803398928218e-01 4.885416210114112978e-02 3.673165676349103292e-01 6.808249823514653798e-01 9.502248523426026772e-01 1.139091514898631141e+00 1.218391445812885721e+00 1.170410290946824139e+00 9.914448613738108262e-01 6.928965493513313811e-01 3.005902076156603542e-01 -1.476466535248208145e-01 -6.058996654729930098e-01 -1.025150169221074492e+00 -1.358761429008719546e+00 -1.567835815529686538e+00 -1.625815059958262587e+00 -1.521774947263721423e+00 -1.262010833178222047e+00
-4.611147754839000079e-01 -5.120108331782212696e-01 -4.814759237887697996e-01 -3.826834323650899483e-01 -2.377336711922269363e-01 -7.429420049572743601e-02 7.843134311880939347e-02 1.938723929745569396e-01 2.518516374031321003e-01 2.414448613738104932e-01 1.625664634614201187e-01 2.607115477733157327e-02 -1.476466535248208700e-01 -3.313806126346635628e-01 -4.948200833311637847e-01 -6.087614290087206559e-01 -6.492771619859954990e-01 -6.012960071199334733e-01 -4.611147754838998969e-01 -2.374917803398928218e-01 4.885416210114112978e-02 3.673165676349103292e-01 6.808249823514642696e-01 9.502248523426013449e-01 1.139091514898631141e+00 1.218391445812885721e+00 1.170410290946824139e+00 9.914448613738108262e-01 6.928965493513313811e-01 3.005902076156603542e-01 -1.476466535248208145e-01 -6.058996654729913445e-01 -1.025150169221072938e+00 -1.358761429008719546e+00 -1.567835815529686538e+00 -1.625815059958262587e+00
-1.189470760960847917e-01 -3.267769542816049144e-01 -4.611147754839002300e-01 -5.120108331782212696e-01 -4.814759237887691334e-01 -3.826834323650899483e-01 -2.377336711922251600e-01 -7.429420049572638129e-02 7.843134311881005960e-02 1.938723929745564956e-01 2.518516374031323224e-01 2.414448613738102711e-01 1.625664634614202297e-01 2.607115477733124020e-02 -1.476466535248220913e-01 -3.313806126346641734e-01 -4.948200833311641178e-01 -6.087614290087205449e-01 -6.492771619859952770e-01 -6.012960071199333623e-01 -4.611147754838992308e-01 -2.374917803398918226e-01 4.885416210114112978e-02 3.673165676349103292e-01 6.808249823514653798e-01 9.502248523426026772e-01 1.139091514898631363e+00 1.218391445812885721e+00 1.170410290946823917e+00 9.914448613738098270e-01 6.928965493513300489e-01 3.005902076156603542e-01 -1.476466535248208145e-01 -6.058996654729930098e-01 -1.025150169221074492e+00 -1.358761429008721100e+00
4.237385702125271436e-01 1.412385709912789000e-01 -1.189470760960847917e-01 -3.267769542816042483e-01 -4.611147754839002300e-01 -5.120108331782212696e-01 -4.814759237887697996e-01 -3.826834323650899483e-01 -2.377336711922251600e-01 -7.429420049572638129e-02 7.843134311881005960e-02 1.938723929745566066e-01 2.518516374031319893e-01 2.414448613738102711e-01 1.625664634614202297e-01 2.607115477733112918e-02 -1.476466535248206480e-01 -3.313806126346641734e-01 -4.948200833311641178e-01 -6.087614290087205449e-01 -6.492771619859952770e-01 -6.012960071199333623e-01 -4.611147754838998969e-01 -2.374917803398928218e-01 4.885416210114112978e-02 3.673165676349103292e-01 6.808249823514653798e-01 9.502248523426026772e-01 1.139091514898631363e+00 1.218391445812885721e+00 1.170410290946823917e+00 9.914448613738108262e-01 6.928965493513313811e-01 3.005902076156603542e-01 -1.476466535248208145e-01 -6.058996654729930098e-01
9.130135182550004336e-01 6.931384402036653292e-01 4.237385702125271436e-01 1.412385709912802323e-01 -1.189470760960847917e-01 -3.267769542816042483e-01 -4.611147754839000079e-01 -5.120108331782212696e-01 -4.814759237887697996e-01 -3.826834323650899483e-01 -2.377336711922251600e-01 -7.429420049572743601e-02 7.843134311881028164e-02 1.938723929745566066e-01 2.518516374031319893e-01 2.414448613738104932e-01 1.625664634614201187e-01 2.607115477733112918e-02 -1.476466535248206480e-01 -3.313806126346641734e-01 -4.948200833311641178e-01 -6.087614290087205449e-01 -6.492771619859954990e-01 -6.012960071199334733e-01 -4.611147754838998969e-01 -2.374917803398928218e-01 4.885416210114112978e-02 3.673165676349103292e-01 6.808249823514653798e-01 9.502248523426026772e-01 1.139091514898631363e+00 1.218391445812885721e+00 1.170410290946824139e+00 9.914448613738108262e-01 6.928965493513313811e-01 3.005902076156603542e-01
1.081125117005112823e+00 1.050590207615660354e+00 9.130135182550004336e-01 6.931384402036648851e-01 4.237385702125271436e-01 1.412385709912802323e-01 -1.189470760960835705e-01 -3.267769542816042483e-01 -4.611147754839000079e-01 -5.120108331782212696e-01 -4.814759237887697996e-01 -3.826834323650899483e-01 -2.377336711922269363e-01 -7.429420049572743601e-02 7.843134311881028164e-02 1.938723929745569396e-01 2.518516374031321003e-01 2.414448613738104932e-01 1.625664634614201187e-01 2.607115477733112918e-02 -1.476466535248206480e-01 -3.313806126346641734e-01 -4.948200833311632851e-01 -6.087614290087206559e-01 -6.492771619859954990e-01 -6.012960071199334733e-01 -4.611147754838998969e-01 -2.374917803398928218e-01 4.885416210114112978e-02 3.673165676349103292e-01 6.808249823514653798e-01 9.502248523426013449e-01 1.139091514898631141e+00 1.218391445812885721e+00 1.170410290946824139e+00 9.914448613738108262e-01
7.821817232930435848e-01 9.914448613738111593e-01 1.081125117005112379e+00 1.050590207615660798e+00 9.130135182550004336e-01 6.931384402036653292e-01 4.237385702125271436e-01 1.412385709912789000e-01 -1.189470760960847917e-01 -3.267769542816049144e-01 -4.611147754839002300e-01 -5.120108331782212696e-01 -4.814759237887691334e-01 -3.826834323650889491e-01 -2.377336711922258261e-01 -7.429420049572638129e-02 7.843134311881005960e-02 1.938723929745564956e-01 2.518516374031323224e-01 2.414448613738102711e-01 1.625664634614200077e-01 2.607115477733012998e-02 -1.476466535248206480e-01 -3.313806126346641734e-01 -4.948200833311641178e-01 -6.087614290087205449e-01 -6.492771619859952770e-01 -6.012960071199333623e-01 -4.611147754838992308e-01 -2.374917803398918226e-01 4.885416210114212898e-02 3.673165676349103292e-01 6.808249823514653798e-01 9.502248523426026772e-01 1.139091514898631363e+00 1.218391445812885721e+00
7.843134311881116982e-02 4.683914458128863867e-01 7.821817232930435848e-01 9.914448613738111593e-01 1.081125117005112823e+00 1.050590207615660354e+00 9.130135182550004336e-01 6.931384402036653292e-01 4.237385702125271436e-01 1.412385709912789000e-01 -1.189470760960847917e-01 -3.267769542816042483e-01 -4.611147754839002300e-01 -5.120108331782212696e-01 -4.814759237887691334e-01 -3.826834323650899483e-01 -2.377336711922251600e-01 -7.429420049572638129e-02 7.843134311881005960e-02 1.938723929745564956e-01 2.518516374031323224e-01 2.414448613738102711e-01 1.625664634614201187e-01 2.607115477733112918e-02 -1.476466535248206480e-01 -3.313806126346641734e-01 -4.948200833311641178e-01 -6.087614290087205449e-01 -6.492771619859952770e-01 -6.012960071199333623e-01 -4.611147754838992308e-01 -2.374917803398928218e-01 4.885416210114112978e-02 3.673165676349103292e-01 6.808249823514653798e-01 9.502248523426026772e-01
-7.680637570821374771e-01 -3.488132533340548846e-01 7.843134311881116982e-02 4.683914458128863867e-01 7.821817232930432517e-01 9.914448613738107152e-01 1.081125117005112823e+00 1.050590207615660354e+00 9.130135182550004336e-01 6.931384402036653292e-01 4.237385702125271436e-01 1.412385709912802323e-01 -1.189470760960847917e-01 -3.267769542816042483e-01 -4.611147754839002300e-01 -5.120108331782212696e-01 -4.814759237887697996e-01 -3.826834323650899483e-01 -2.377336711922251600e-01 -7.429420049572638129e-02 7.843134311881005960e-02 1.938723929745564956e-01 2.518516374031321003e-01 2.414448613738104932e-01 1.625664634614201187e-01 2.607115477733112918e-02 -1.476466535248206480e-01 -3.313806126346641734e-01 -4.948200833311641178e-01 -6.087614290087205449e-01 -6.492771619859952770e-01 -6.012960071199334733e-01 -4.611147754838998969e-01 -2.374917803398928218e-01 4.885416210114112978e-02 3.673165676349103292e-01
