6.895448730143003413e-01 1.059016994374947451e+00 1.340105845042459665e+00 1.497567148994755071e+00 1.508477686623716174e+00 1.365268068741570584e+00 1.077061876685817321e+00 6.691306063588583486e-01 1.804923095890216544e-01 -3.401005032974995790e-01 -8.393470802648579365e-01 -1.265180528163987184e+00 -1.572492465873227108e+00 -1.728147600733805689e+00 -1.714712438458371402e+00 -1.532466645697256435e+00 -1.199460692248769611e+00 -7.496065934159126254e-01 -2.290137805293920581e-01 3.090169943749471737e-01 8.097757591525487353e-01 1.223048096156426068e+00 1.508477686623715286e+00 1.639787121579899143e+00 1.607391962575728250e+00 1.419130606358858682e+00 1.099050963132714553e+00 6.844185495408298125e-01 2.213130915149635336e-01 -2.406614753256572925e-01 -6.539338123295358463e-01 -9.781476007338044676e-01 -1.184382352568460695e+00 -1.257947592858926544e+00 -1.199460692248768945e+00 -1.024125646254242294e+00
-1.388005204689471972e-01 2.749124594224169882e-01 6.895448730143003413e-01 1.059016994374947451e+00 1.340105845042459665e+00 1.497567148994755071e+00 1.508477686623716174e+00 1.365268068741570584e+00 1.077061876685817321e+00 6.691306063588579045e-01 1.804923095890208773e-01 -3.401005032974988573e-01 -8.393470802648579365e-01 -1.265180528163987184e+00 -1.572492465873227108e+00 -1.728147600733805689e+00 -1.714712438458371402e+00 -1.532466645697256213e+00 -1.199460692248768723e+00 -7.496065934159110711e-01 -2.290137805293911699e-01 3.090169943749471737e-01 8.097757591525467369e-01 1.223048096156426068e+00 1.508477686623715286e+00 1.639787121579899587e+00 1.607391962575728250e+00 1.419130606358857349e+00 1.099050963132714553e+00 6.844185495408293685e-01 2.213130915149635336e-01 -2.406614753256568484e-01 -6.539338123295358463e-01 -9.781476007338044676e-01 -1.184382352568460472e+00 -1.257947592858926544e+00
-7.961537849146796963e-01 -5.079475928589268774e-01 -1.388005204689471972e-01 2.749124594224169882e-01 6.895448730143007854e-01 1.059016994374947451e+00 1.340105845042459665e+00 1.497567148994755071e+00 1.508477686623716174e+00 1.365268068741570140e+00 1.077061876685817099e+00 6.691306063588583486e-01 1.804923095890216544e-01 -3.401005032974995790e-01 -8.393470802648579365e-01 -1.265180528163987184e+00 -1.572492465873227108e+00 -1.728147600733805689e+00 -1.714712438458371402e+00 -1.532466645697255547e+00 -1.199460692248767613e+00 -7.496065934159110711e-01 -2.290137805293920581e-01 3.090169943749471737e-01 8.097757591525487353e-01 1.223048096156426068e+00 1.508477686623716174e+00 1.639787121579899587e+00 1.607391962575727584e+00 1.419130606358857349e+00 1.099050963132712777e+00 6.844185495408298125e-01 2.213130915149635336e-01 -2.406614753256572925e-01 -6.539338123295358463e-01 -9.781476007338054668e-01
-1.042162379983316400e+00 -9.781476007338057999e-01 -7.961537849146796963e-01 -5.079475928589268774e-01 -1.388005204689471972e-01 2.749124594224169882e-01 6.895448730143007854e-01 1.059016994374947451e+00 1.340105845042459665e+00 1.497567148994755071e+00 1.508477686623716174e+00 1.365268068741570584e+00 1.077061876685817321e+00 6.691306063588579045e-01 1.804923095890208773e-01 -3.401005032974988573e-01 -8.393470802648579365e-01 -1.265180528163987184e+00 -1.572492465873227108e+00 -1.728147600733805689e+00 -1.714712438458371402e+00 -1.532466645697255547e+00 -1.199460692248769611e+00 -7.496065934159126254e-01 -2.290137805293920581e-01 3.090169943749471737e-01 8.097757591525487353e-01 1.223048096156426068e+00 1.508477686623716174e+00 1.639787121579899587e+00 1.607391962575727584e+00 1.419130606358858682e+00 1.099050963132714553e+00 6.844185495408298125e-01 2.213130915149635336e-01 -2.406614753256572925e-01
-8.393470802648582696e-01 -9.906614753256584027e-01 -1.042162379983316400e+00 -9.781476007338056888e-01 -7.961537849146796963e-01 -5.079475928589270994e-01 -1.388005204689476413e-01 2.749124594224169882e-01 6.895448730143003413e-01 1.059016994374947451e+00 1.340105845042459665e+00 1.497567148994754849e+00 1.508477686623716174e+00 1.365268068741570584e+00 1.077061876685817321e+00 6.691306063588590147e-01 1.804923095890218210e-01 -3.401005032974988573e-01 -8.393470802648579365e-01 -1.265180528163987184e+00 -1.572492465873227108e+00 -1.728147600733805689e+00 -1.714712438458371846e+00 -1.532466645697256435e+00 -1.199460692248769611e+00 -7.496065934159126254e-01 -2.290137805293920581e-01 3.090169943749471737e-01 8.097757591525487353e-01 1.223048096156426068e+00 1.508477686623716174e+00 1.639787121579899143e+00 1.607391962575728250e+00 1.419130606358858682e+00 1.099050963132714553e+00 6.844185495408298125e-01
-3.498377763008900798e-01 -6.146195561358286374e-01 -8.393470802648582696e-01 -9.906614753256580697e-01 -1.042162379983316400e+00 -9.781476007338057999e-01 -7.961537849146795853e-01 -5.079475928589268774e-01 -1.388005204689471972e-01 2.749124594224175433e-01 6.895448730143007854e-01 1.059016994374947451e+00 1.340105845042459665e+00 1.497567148994755071e+00 1.508477686623716174e+00 1.365268068741570584e+00 1.077061876685817321e+00 6.691306063588579045e-01 1.804923095890208773e-01 -3.401005032974995790e-01 -8.393470802648590467e-01 -1.265180528163988072e+00 -1.572492465873226886e+00 -1.728147600733805689e+00 -1.714712438458371402e+00 -1.532466645697256213e+00 -1.199460692248768723e+00 -7.496065934159110711e-01 -2.290137805293911699e-01 3.090169943749471737e-01 8.097757591525507337e-01 1.223048096156426068e+00 1.508477686623715286e+00 1.639787121579899587e+00 1.607391962575728250e+00 1.419130606358857349e+00
1.585032231421256155e-01 -8.086939364114154039e-02 -3.498377763008893582e-01 -6.146195561358286374e-01 -8.393470802648582696e-01 -9.906614753256584027e-01 -1.042162379983316622e+00 -9.781476007338056888e-01 -7.961537849146796963e-01 -5.079475928589268774e-01 -1.388005204689471972e-01 2.749124594224169882e-01 6.895448730143003413e-01 1.059016994374947451e+00 1.340105845042459665e+00 1.497567148994754849e+00 1.508477686623716174e+00 1.365268068741570584e+00 1.077061876685817321e+00 6.691306063588579045e-01 1.804923095890208773e-01 -3.401005032974995790e-01 -8.393470802648569373e-01 -1.265180528163986740e+00 -1.572492465873226886e+00 -1.728147600733805689e+00 -1.714712438458371402e+00 -1.532466645697256213e+00 -1.199460692248768723e+00 -7.496065934159110711e-01 -2.290137805293911699e-01 3.090169943749456749e-01 8.097757591525467369e-01 1.223048096156426068e+00 1.508477686623715286e+00 1.639787121579899587e+00
4.478175148438948705e-01 3.407490159032410260e-01 1.585032231421256155e-01 -8.086939364114220652e-02 -3.498377763008900798e-01 -6.146195561358286374e-01 -8.393470802648580475e-01 -9.906614753256580697e-01 -1.042162379983316400e+00 -9.781476007338054668e-01 -7.961537849146793633e-01 -5.079475928589268774e-01 -1.388005204689471972e-01 2.749124594224175433e-01 6.895448730143007854e-01 1.059016994374947451e+00 1.340105845042459665e+00 1.497567148994755071e+00 1.508477686623716174e+00 1.365268068741570140e+00 1.077061876685816877e+00 6.691306063588572384e-01 1.804923095890218210e-01 -3.401005032974988573e-01 -8.393470802648579365e-01 -1.265180528163987184e+00 -1.572492465873227108e+00 -1.728147600733805689e+00 -1.714712438458371402e+00 -1.532466645697255547e+00 -1.199460692248767613e+00 -7.496065934159126254e-01 -2.290137805293920581e-01 3.090169943749471737e-01 8.097757591525487353e-01 1.223048096156426068e+00
4.215471914987691804e-01 4.730480961564262898e-01 4.478175148438950925e-01 3.407490159032411370e-01 1.585032231421256155e-01 -8.086939364114154039e-02 -3.498377763008893582e-01 -6.146195561358286374e-01 -8.393470802648582696e-01 -9.906614753256580697e-01 -1.042162379983316400e+00 -9.781476007338056888e-01 -7.961537849146796963e-01 -5.079475928589268774e-01 -1.388005204689471972e-01 2.749124594224169882e-01 6.895448730143003413e-01 1.059016994374947451e+00 1.340105845042459665e+00 1.497567148994755071e+00 1.508477686623716174e+00 1.365268068741570140e+00 1.077061876685818209e+00 6.691306063588590147e-01 1.804923095890218210e-01 -3.401005032974988573e-01 -8.393470802648579365e-01 -1.265180528163987184e+00 -1.572492465873227108e+00 -1.728147600733805689e+00 -1.714712438458371402e+00 -1.532466645697256435e+00 -1.199460692248769611e+00 -7.496065934159126254e-01 -2.290137805293920581e-01 3.090169943749471737e-01
1.592147871243882462e-01 3.090169943749476733e-01 4.215471914987678481e-01 4.730480961564260123e-01 4.478175148438950925e-01 3.407490159032415811e-01 1.585032231421257265e-01 -8.086939364114154039e-02 -3.498377763008893582e-01 -6.146195561358286374e-01 -8.393470802648582696e-01 -9.906614753256584027e-01 -1.042162379983316400e+00 -9.781476007338056888e-01 -7.961537849146796963e-01 -5.079475928589272105e-01 -1.388005204689480854e-01 2.749124594224169882e-01 6.895448730143003413e-01 1.059016994374947451e+00 1.340105845042459665e+00 1.497567148994755071e+00 1.508477686623716618e+00 1.365268068741570584e+00 1.077061876685818209e+00 6.691306063588590147e-01 1.804923095890218210e-01 -3.401005032974988573e-01 -8.393470802648579365e-01 -1.265180528163987184e+00 -1.572492465873227108e+00 -1.728147600733805245e+00 -1.714712438458371846e+00 -1.532466645697256435e+00 -1.199460692248769611e+00 -7.496065934159126254e-01
-1.388005204689478633e-01 3.934065840875411446e-04 1.592147871243882462e-01 3.090169943749476733e-01 4.215471914987678481e-01 4.730480961564260123e-01 4.478175148438952036e-01 3.407490159032415811e-01 1.585032231421257265e-01 -8.086939364114154039e-02 -3.498377763008893582e-01 -6.146195561358270831e-01 -8.393470802648576035e-01 -9.906614753256584027e-01 -1.042162379983316400e+00 -9.781476007338059109e-01 -7.961537849146801404e-01 -5.079475928589272105e-01 -1.388005204689480854e-01 2.749124594224169882e-01 6.895448730143003413e-01 1.059016994374947451e+00 1.340105845042458776e+00 1.497567148994754627e+00 1.508477686623716618e+00 1.365268068741570584e+00 1.077061876685818209e+00 6.691306063588590147e-01 1.804923095890218210e-01 -3.401005032974988573e-01 -8.393470802648579365e-01 -1.265180528163985851e+00 -1.572492465873226219e+00 -1.728147600733805245e+00 -1.714712438458371846e+00 -1.532466645697256435e+00
-2.658236990247692111e-01 -2.334285400205980965e-01 -1.388005204689469752e-01 3.934065840875411446e-04 1.592147871243911328e-01 3.090169943749476733e-01 4.215471914987691804e-01 4.730480961564262898e-01 4.478175148438948705e-01 3.407490159032410260e-01 1.585032231421250604e-01 -8.086939364114220652e-02 -3.498377763008900798e-01 -6.146195561358285264e-01 -8.393470802648588247e-01 -9.906614753256580697e-01 -1.042162379983316400e+00 -9.781476007338054668e-01 -7.961537849146793633e-01 -5.079475928589262113e-01 -1.388005204689461980e-01 2.749124594224184870e-01 6.895448730143003413e-01 1.059016994374947451e+00 1.340105845042459665e+00 1.497567148994755071e+00 1.508477686623716174e+00 1.365268068741570140e+00 1.077061876685816877e+00 6.691306063588572384e-01 1.804923095890197948e-01 -3.401005032974988573e-01 -8.393470802648579365e-01 -1.265180528163987184e+00 -1.572492465873227108e+00 -1.728147600733805689e+00
-1.236037264396254720e-01 -2.281476007338057999e-01 -2.658236990247692111e-01 -2.334285400205977634e-01 -1.388005204689469752e-01 3.934065840875411446e-04 1.592147871243882462e-01 3.090169943749476733e-01 4.215471914987691804e-01 4.730480961564262898e-01 4.478175148438948705e-01 3.407490159032411370e-01 1.585032231421256155e-01 -8.086939364114220652e-02 -3.498377763008900798e-01 -6.146195561358286374e-01 -8.393470802648582696e-01 -9.906614753256580697e-01 -1.042162379983316400e+00 -9.781476007338054668e-01 -7.961537849146793633e-01 -5.079475928589262113e-01 -1.388005204689480854e-01 2.749124594224169882e-01 6.895448730143003413e-01 1.059016994374947451e+00 1.340105845042459665e+00 1.497567148994755071e+00 1.508477686623716174e+00 1.365268068741570140e+00 1.077061876685816877e+00 6.691306063588590147e-01 1.804923095890218210e-01 -3.401005032974988573e-01 -8.393470802648579365e-01 -1.265180528163987184e+00
2.213130915149628120e-01 3.385757751267060023e-02 -1.236037264396254720e-01 -2.281476007338054668e-01 -2.658236990247692111e-01 -2.334285400205977634e-01 -1.388005204689478633e-01 3.934065840875411446e-04 1.592147871243882462e-01 3.090169943749476733e-01 4.215471914987691804e-01 4.730480961564260123e-01 4.478175148438950925e-01 3.407490159032411370e-01 1.585032231421256155e-01 -8.086939364114154039e-02 -3.498377763008893582e-01 -6.146195561358286374e-01 -8.393470802648582696e-01 -9.906614753256580697e-01 -1.042162379983316400e+00 -9.781476007338054668e-01 -7.961537849146801404e-01 -5.079475928589272105e-01 -1.388005204689480854e-01 2.749124594224169882e-01 6.895448730143003413e-01 1.059016994374947451e+00 1.340105845042459665e+00 1.497567148994755071e+00 1.508477686623716174e+00 1.365268068741570584e+00 1.077061876685818209e+00 6.691306063588590147e-01 1.804923095890218210e-01 -3.401005032974988573e-01
5.687208772428029580e-01 4.098994967025005320e-01 2.213130915149628120e-01 3.385757751267015614e-02 -1.236037264396254720e-01 -2.281476007338054668e-01 -2.658236990247692111e-01 -2.334285400205977634e-01 -1.388005204689478633e-01 3.934065840875411446e-04 1.592147871243882462e-01 3.090169943749476733e-01 4.215471914987678481e-01 4.730480961564260123e-01 4.478175148438950925e-01 3.407490159032415811e-01 1.585032231421257265e-01 -8.086939364114154039e-02 -3.498377763008893582e-01 -6.146195561358286374e-01 -8.393470802648582696e-01 -9.906614753256580697e-01 -1.042162379983316622e+00 -9.781476007338059109e-01 -7.961537849146801404e-01 -5.079475928589272105e-01 -1.388005204689480854e-01 2.749124594224169882e-01 6.895448730143003413e-01 1.059016994374947451e+00 1.340105845042459665e+00 1.497567148994754627e+00 1.508477686623716618e+00 1.365268068741570584e+00 1.077061876685818209e+00 6.691306063588590147e-01
6.888333090320358787e-01 6.691306063588577935e-01 5.687208772428020698e-01 4.098994967025009761e-01 2.213130915149628120e-01 3.385757751267060023e-02 -1.236037264396254720e-01 -2.281476007338057999e-01 -2.658236990247692111e-01 -2.334285400205980965e-01 -1.388005204689469752e-01 3.934065840875411446e-04 1.592147871243911328e-01 3.090169943749486725e-01 4.215471914987685143e-01 4.730480961564262898e-01 4.478175148438948705e-01 3.407490159032410260e-01 1.585032231421250604e-01 -8.086939364114287265e-02 -3.498377763008899688e-01 -6.146195561358291926e-01 -8.393470802648582696e-01 -9.906614753256580697e-01 -1.042162379983316400e+00 -9.781476007338054668e-01 -7.961537849146793633e-01 -5.079475928589262113e-01 -1.388005204689461980e-01 2.749124594224184870e-01 6.895448730143017846e-01 1.059016994374947451e+00 1.340105845042459665e+00 1.497567148994755071e+00 1.508477686623716174e+00 1.365268068741570140e+00
4.478175148438958697e-01 6.152680687415708061e-01 6.888333090320358787e-01 6.691306063588577935e-01 5.687208772428029580e-01 4.098994967025005320e-01 2.213130915149628120e-01 3.385757751267060023e-02 -1.236037264396254720e-01 -2.281476007338057999e-01 -2.658236990247692111e-01 -2.334285400205977634e-01 -1.388005204689469752e-01 3.934065840875411446e-04 1.592147871243911328e-01 3.090169943749476733e-01 4.215471914987691804e-01 4.730480961564262898e-01 4.478175148438948705e-01 3.407490159032410260e-01 1.585032231421250604e-01 -8.086939364114287265e-02 -3.498377763008893582e-01 -6.146195561358286374e-01 -8.393470802648582696e-01 -9.906614753256580697e-01 -1.042162379983316400e+00 -9.781476007338054668e-01 -7.961537849146793633e-01 -5.079475928589262113e-01 -1.388005204689461980e-01 2.749124594224169882e-01 6.895448730143003413e-01 1.059016994374947451e+00 1.340105845042459665e+00 1.497567148994755071e+00
-1.087828943911428592e-01 1.985290433180977310e-01 4.478175148438958697e-01 6.152680687415708061e-01 6.888333090320366559e-01 6.691306063588584596e-01 5.687208772428029580e-01 4.098994967025005320e-01 2.213130915149628120e-01 3.385757751267060023e-02 -1.236037264396254720e-01 -2.281476007338054668e-01 -2.658236990247692111e-01 -2.334285400205977634e-01 -1.388005204689469752e-01 3.934065840875411446e-04 1.592147871243882462e-01 3.090169943749476733e-01 4.215471914987691804e-01 4.730480961564262898e-01 4.478175148438948705e-01 3.407490159032410260e-01 1.585032231421257265e-01 -8.086939364114154039e-02 -3.498377763008893582e-01 -6.146195561358286374e-01 -8.393470802648582696e-01 -9.906614753256580697e-01 -1.042162379983316400e+00 -9.781476007338054668e-01 -7.961537849146793633e-01 -5.079475928589272105e-01 -1.388005204689480854e-01 2.749124594224169882e-01 6.895448730143003413e-01 1.059016994374947451e+00
