6.565338508254505712e-01 -9.990000000000000000e+02 -9.990000000000000000e+02 -9.990000000000000000e+02 -9.990000000000000000e+02 1.179854414356171333e+00 -9.990000000000000000e+02 -9.990000000000000000e+02 -9.990000000000000000e+02 -9.990000000000000000e+02 -4.187490094943234764e-01 -9.990000000000000000e+02 -9.990000000000000000e+02 -9.990000000000000000e+02 -9.990000000000000000e+02 -6.707483627915211688e-01 -9.990000000000000000e+02 -9.990000000000000000e+02 -9.990000000000000000e+02 -9.990000000000000000e+02 -5.647316775539608091e-01 -9.990000000000000000e+02 -9.990000000000000000e+02 -9.990000000000000000e+02 -9.990000000000000000e+02 -1.461130229419902005e+00 -9.990000000000000000e+02 -9.990000000000000000e+02 -9.990000000000000000e+02 -9.990000000000000000e+02 -7.152309559428962071e-01 -9.990000000000000000e+02 -9.990000000000000000e+02 -9.990000000000000000e+02 -9.990000000000000000e+02 1.073127228715878623e+00
-9.990000000000000000e+02 -9.990000000000000000e+02 -9.990000000000000000e+02 -9.990000000000000000e+02 -9.990000000000000000e+02 -9.990000000000000000e+02 -9.990000000000000000e+02 -9.990000000000000000e+02 -9.990000000000000000e+02 -9.990000000000000000e+02 -9.990000000000000000e+02 -9.990000000000000000e+02 -9.990000000000000000e+02 -9.990000000000000000e+02 -9.990000000000000000e+02 -9.990000000000000000e+02 -9.990000000000000000e+02 -9.990000000000000000e+02 -9.990000000000000000e+02 -9.990000000000000000e+02 -9.990000000000000000e+02 -9.990000000000000000e+02 -9.990000000000000000e+02 -9.990000000000000000e+02 -9.990000000000000000e+02 -9.990000000000000000e+02 -9.990000000000000000e+02 -9.990000000000000000e+02 -9.990000000000000000e+02 -9.990000000000000000e+02 -9.990000000000000000e+02 -9.990000000000000000e+02 -9.990000000000000000e+02 -9.990000000000000000e+02 -9.990000000000000000e+02 -9.990000000000000000e+02
-9.990000000000000000e+02 -9.990000000000000000e+02 -9.990000000000000000e+02 -9.990000000000000000e+02 -9.990000000000000000e+02 -9.990000000000000000e+02 -9.990000000000000000e+02 -9.990000000000000000e+02 -9.990000000000000000e+02 -9.990000000000000000e+02 -9.990000000000000000e+02 -9.990000000000000000e+02 -9.990000000000000000e+02 -9.990000000000000000e+02 -9.990000000000000000e+02 -9.990000000000000000e+02 -9.990000000000000000e+02 -9.990000000000000000e+02 -9.990000000000000000e+02 -9.990000000000000000e+02 -9.990000000000000000e+02 -9.990000000000000000e+02 -9.990000000000000000e+02 -9.990000000000000000e+02 -9.990000000000000000e+02 -9.990000000000000000e+02 -9.990000000000000000e+02 -9.990000000000000000e+02 -9.990000000000000000e+02 -9.990000000000000000e+02 -9.990000000000000000e+02 -9.990000000000000000e+02 -9.990000000000000000e+02 -9.990000000000000000e+02 -9.990000000000000000e+02 -9.990000000000000000e+02
-9.990000000000000000e+02 -9.990000000000000000e+02 -9.990000000000000000e+02 -9.990000000000000000e+02 -9.990000000000000000e+02 -9.990000000000000000e+02 -9.990000000000000000e+02 -9.990000000000000000e+02 -9.990000000000000000e+02 -9.990000000000000000e+02 -9.990000000000000000e+02 -9.990000000000000000e+02 -9.990000000000000000e+02 -9.990000000000000000e+02 -9.990000000000000000e+02 -9.990000000000000000e+02 -9.990000000000000000e+02 -9.990000000000000000e+02 -9.990000000000000000e+02 -9.990000000000000000e+02 -9.990000000000000000e+02 -9.990000000000000000e+02 -9.990000000000000000e+02 -9.990000000000000000e+02 -9.990000000000000000e+02 -9.990000000000000000e+02 -9.990000000000000000e+02 -9.990000000000000000e+02 -9.990000000000000000e+02 -9.990000000000000000e+02 -9.990000000000000000e+02 -9.990000000000000000e+02 -9.990000000000000000e+02 -9.990000000000000000e+02 -9.990000000000000000e+02 -9.990000000000000000e+02
3.812533344643149746e-01 -9.990000000000000000e+02 -9.990000000000000000e+02 -9.990000000000000000e+02 -9.990000000000000000e+02 6.081867909436763364e-01 -9.990000000000000000e+02 -9.990000000000000000e+02 -9.990000000000000000e+02 -9.990000000000000000e+02 -5.367497016216652428e-01 -9.990000000000000000e+02 -9.990000000000000000e+02 -9.990000000000000000e+02 -9.990000000000000000e+02 -1.114250136840893024e+00 -9.990000000000000000e+02 -9.990000000000000000e+02 -9.990000000000000000e+02 -9.990000000000000000e+02 -1.215698520412184624e+00 -9.990000000000000000e+02 -9.990000000000000000e+02 -9.990000000000000000e+02 -9.990000000000000000e+02 -2.806810002865511855e-01 -9.990000000000000000e+02 -9.990000000000000000e+02 -9.990000000000000000e+02 -9.990000000000000000e+02 7.898256380215098460e-01 -9.990000000000000000e+02 -9.990000000000000000e+02 -9.990000000000000000e+02 -9.990000000000000000e+02 6.695997303171568049e-01
-9.990000000000000000e+02 -9.990000000000000000e+02 -9.990000000000000000e+02 -9.990000000000000000e+02 -9.990000000000000000e+02 -9.990000000000000000e+02 -9.990000000000000000e+02 -9.990000000000000000e+02 -9.990000000000000000e+02 -9.990000000000000000e+02 -9.990000000000000000e+02 -9.990000000000000000e+02 -9.990000000000000000e+02 -9.990000000000000000e+02 -9.990000000000000000e+02 -9.990000000000000000e+02 -9.990000000000000000e+02 -9.990000000000000000e+02 -9.990000000000000000e+02 -9.990000000000000000e+02 -9.990000000000000000e+02 -9.990000000000000000e+02 -9.990000000000000000e+02 -9.990000000000000000e+02 -9.990000000000000000e+02 -9.990000000000000000e+02 -9.990000000000000000e+02 -9.990000000000000000e+02 -9.990000000000000000e+02 -9.990000000000000000e+02 -9.990000000000000000e+02 -9.990000000000000000e+02 -9.990000000000000000e+02 -9.990000000000000000e+02 -9.990000000000000000e+02 -9.990000000000000000e+02
-9.990000000000000000e+02 -9.990000000000000000e+02 -9.990000000000000000e+02 -9.990000000000000000e+02 -9.990000000000000000e+02 -9.990000000000000000e+02 -9.990000000000000000e+02 -9.990000000000000000e+02 -9.990000000000000000e+02 -9.990000000000000000e+02 -9.990000000000000000e+02 -9.990000000000000000e+02 -9.990000000000000000e+02 -9.990000000000000000e+02 -9.990000000000000000e+02 -9.990000000000000000e+02 -9.990000000000000000e+02 -9.990000000000000000e+02 -9.990000000000000000e+02 -9.990000000000000000e+02 -9.990000000000000000e+02 -9.990000000000000000e+02 -9.990000000000000000e+02 -9.990000000000000000e+02 -9.990000000000000000e+02 -9.990000000000000000e+02 -9.990000000000000000e+02 -9.990000000000000000e+02 -9.990000000000000000e+02 -9.990000000000000000e+02 -9.990000000000000000e+02 -9.990000000000000000e+02 -9.990000000000000000e+02 -9.990000000000000000e+02 -9.990000000000000000e+02 -9.990000000000000000e+02
-9.990000000000000000e+02 -9.990000000000000000e+02 -9.990000000000000000e+02 -9.990000000000000000e+02 -9.990000000000000000e+02 -9.990000000000000000e+02 -9.990000000000000000e+02 -9.990000000000000000e+02 -9.990000000000000000e+02 -9.990000000000000000e+02 -9.990000000000000000e+02 -9.990000000000000000e+02 -9.990000000000000000e+02 -9.990000000000000000e+02 -9.990000000000000000e+02 -9.990000000000000000e+02 -9.990000000000000000e+02 -9.990000000000000000e+02 -9.990000000000000000e+02 -9.990000000000000000e+02 -9.990000000000000000e+02 -9.990000000000000000e+02 -9.990000000000000000e+02 -9.990000000000000000e+02 -9.990000000000000000e+02 -9.990000000000000000e+02 -9.990000000000000000e+02 -9.990000000000000000e+02 -9.990000000000000000e+02 -9.990000000000000000e+02 -9.990000000000000000e+02 -9.990000000000000000e+02 -9.990000000000000000e+02 -9.990000000000000000e+02 -9.990000000000000000e+02 -9.990000000000000000e+02
-2.129269099460102954e-01 -9.990000000000000000e+02 -9.990000000000000000e+02 -9.990000000000000000e+02 -9.990000000000000000e+02 6.738305717313120002e-02 -9.990000000000000000e+02 -9.990000000000000000e+02 -9.990000000000000000e+02 -9.990000000000000000e+02 -1.460695945332309398e+00 -9.990000000000000000e+02 -9.990000000000000000e+02 -9.990000000000000000e+02 -9.990000000000000000e+02 -8.016885079383613277e-01 -9.990000000000000000e+02 -9.990000000000000000e+02 -9.990000000000000000e+02 -9.990000000000000000e+02 -2.677633297550749969e-01 -9.990000000000000000e+02 -9.990000000000000000e+02 -9.990000000000000000e+02 -9.990000000000000000e+02 8.286752596797859471e-01 -9.990000000000000000e+02 -9.990000000000000000e+02 -9.990000000000000000e+02 -9.990000000000000000e+02 7.688493394020607941e-01 -9.990000000000000000e+02 -9.990000000000000000e+02 -9.990000000000000000e+02 -9.990000000000000000e+02 4.464329692886135348e-01
-9.990000000000000000e+02 -9.990000000000000000e+02 -9.990000000000000000e+02 -9.990000000000000000e+02 -9.990000000000000000e+02 -9.990000000000000000e+02 -9.990000000000000000e+02 -9.990000000000000000e+02 -9.990000000000000000e+02 -9.990000000000000000e+02 -9.990000000000000000e+02 -9.990000000000000000e+02 -9.990000000000000000e+02 -9.990000000000000000e+02 -9.990000000000000000e+02 -9.990000000000000000e+02 -9.990000000000000000e+02 -9.990000000000000000e+02 -9.990000000000000000e+02 -9.990000000000000000e+02 -9.990000000000000000e+02 -9.990000000000000000e+02 -9.990000000000000000e+02 -9.990000000000000000e+02 -9.990000000000000000e+02 -9.990000000000000000e+02 -9.990000000000000000e+02 -9.990000000000000000e+02 -9.990000000000000000e+02 -9.990000000000000000e+02 -9.990000000000000000e+02 -9.990000000000000000e+02 -9.990000000000000000e+02 -9.990000000000000000e+02 -9.990000000000000000e+02 -9.990000000000000000e+02
-9.990000000000000000e+02 -9.990000000000000000e+02 -9.990000000000000000e+02 -9.990000000000000000e+02 -9.990000000000000000e+02 -9.990000000000000000e+02 -9.990000000000000000e+02 -9.990000000000000000e+02 -9.990000000000000000e+02 -9.990000000000000000e+02 -9.990000000000000000e+02 -9.990000000000000000e+02 -9.990000000000000000e+02 -9.990000000000000000e+02 -9.990000000000000000e+02 -9.990000000000000000e+02 -9.990000000000000000e+02 -9.990000000000000000e+02 -9.990000000000000000e+02 -9.990000000000000000e+02 -9.990000000000000000e+02 -9.990000000000000000e+02 -9.990000000000000000e+02 -9.990000000000000000e+02 -9.990000000000000000e+02 -9.990000000000000000e+02 -9.990000000000000000e+02 -9.990000000000000000e+02 -9.990000000000000000e+02 -9.990000000000000000e+02 -9.990000000000000000e+02 -9.990000000000000000e+02 -9.990000000000000000e+02 -9.990000000000000000e+02 -9.990000000000000000e+02 -9.990000000000000000e+02
-9.990000000000000000e+02 -9.990000000000000000e+02 -9.990000000000000000e+02 -9.990000000000000000e+02 -9.990000000000000000e+02 -9.990000000000000000e+02 -9.990000000000000000e+02 -9.990000000000000000e+02 -9.990000000000000000e+02 -9.990000000000000000e+02 -9.990000000000000000e+02 -9.990000000000000000e+02 -9.990000000000000000e+02 -9.990000000000000000e+02 -9.990000000000000000e+02 -9.990000000000000000e+02 -9.990000000000000000e+02 -9.990000000000000000e+02 -9.990000000000000000e+02 -9.990000000000000000e+02 -9.990000000000000000e+02 -9.990000000000000000e+02 -9.990000000000000000e+02 -9.990000000000000000e+02 -9.990000000000000000e+02 -9.990000000000000000e+02 -9.990000000000000000e+02 -9.990000000000000000e+02 -9.990000000000000000e+02 -9.990000000000000000e+02 -9.990000000000000000e+02 -9.990000000000000000e+02 -9.990000000000000000e+02 -9.990000000000000000e+02 -9.990000000000000000e+02 -9.990000000000000000e+02
-1.277878358168009987e+00 -9.990000000000000000e+02 -9.990000000000000000e+02 -9.990000000000000000e+02 -9.990000000000000000e+02 -1.417209709234238169e+00 -9.990000000000000000e+02 -9.990000000000000000e+02 -9.990000000000000000e+02 -9.990000000000000000e+02 1.044797715151469797e-01 -9.990000000000000000e+02 -9.990000000000000000e+02 -9.990000000000000000e+02 -9.990000000000000000e+02 7.206495045246383846e-01 -9.990000000000000000e+02 -9.990000000000000000e+02 -9.990000000000000000e+02 -9.990000000000000000e+02 2.886340495786325899e-01 -9.990000000000000000e+02 -9.990000000000000000e+02 -9.990000000000000000e+02 -9.990000000000000000e+02 7.726888859723396452e-01 -9.990000000000000000e+02 -9.990000000000000000e+02 -9.990000000000000000e+02 -9.990000000000000000e+02 -4.756224745821168720e-01 -9.990000000000000000e+02 -9.990000000000000000e+02 -9.990000000000000000e+02 -9.990000000000000000e+02 -1.479398562590018340e+00
-9.990000000000000000e+02 -9.990000000000000000e+02 -9.990000000000000000e+02 -9.990000000000000000e+02 -9.990000000000000000e+02 -9.990000000000000000e+02 -9.990000000000000000e+02 -9.990000000000000000e+02 -9.990000000000000000e+02 -9.990000000000000000e+02 -9.990000000000000000e+02 -9.990000000000000000e+02 -9.990000000000000000e+02 -9.990000000000000000e+02 -9.990000000000000000e+02 -9.990000000000000000e+02 -9.990000000000000000e+02 -9.990000000000000000e+02 -9.990000000000000000e+02 -9.990000000000000000e+02 -9.990000000000000000e+02 -9.990000000000000000e+02 -9.990000000000000000e+02 -9.990000000000000000e+02 -9.990000000000000000e+02 -9.990000000000000000e+02 -9.990000000000000000e+02 -9.990000000000000000e+02 -9.990000000000000000e+02 -9.990000000000000000e+02 -9.990000000000000000e+02 -9.990000000000000000e+02 -9.990000000000000000e+02 -9.990000000000000000e+02 -9.990000000000000000e+02 -9.990000000000000000e+02
-9.990000000000000000e+02 -9.990000000000000000e+02 -9.990000000000000000e+02 -9.990000000000000000e+02 -9.990000000000000000e+02 -9.990000000000000000e+02 -9.990000000000000000e+02 -9.990000000000000000e+02 -9.990000000000000000e+02 -9.990000000000000000e+02 -9.990000000000000000e+02 -9.990000000000000000e+02 -9.990000000000000000e+02 -9.990000000000000000e+02 -9.990000000000000000e+02 -9.990000000000000000e+02 -9.990000000000000000e+02 -9.990000000000000000e+02 -9.990000000000000000e+02 -9.990000000000000000e+02 -9.990000000000000000e+02 -9.990000000000000000e+02 -9.990000000000000000e+02 -9.990000000000000000e+02 -9.990000000000000000e+02 -9.990000000000000000e+02 -9.990000000000000000e+02 -9.990000000000000000e+02 -9.990000000000000000e+02 -9.990000000000000000e+02 -9.990000000000000000e+02 -9.990000000000000000e+02 -9.990000000000000000e+02 -9.990000000000000000e+02 -9.990000000000000000e+02 -9.990000000000000000e+02
-9.990000000000000000e+02 -9.990000000000000000e+02 -9.990000000000000000e+02 -9.990000000000000000e+02 -9.990000000000000000e+02 -9.990000000000000000e+02 -9.990000000000000000e+02 -9.990000000000000000e+02 -9.990000000000000000e+02 -9.990000000000000000e+02 -9.990000000000000000e+02 -9.990000000000000000e+02 -9.990000000000000000e+02 -9.990000000000000000e+02 -9.990000000000000000e+02 -9.990000000000000000e+02 -9.990000000000000000e+02 -9.990000000000000000e+02 -9.990000000000000000e+02 -9.990000000000000000e+02 -9.990000000000000000e+02 -9.990000000000000000e+02 -9.990000000000000000e+02 -9.990000000000000000e+02 -9.990000000000000000e+02 -9.990000000000000000e+02 -9.990000000000000000e+02 -9.990000000000000000e+02 -9.990000000000000000e+02 -9.990000000000000000e+02 -9.990000000000000000e+02 -9.990000000000000000e+02 -9.990000000000000000e+02 -9.990000000000000000e+02 -9.990000000000000000e+02 -9.990000000000000000e+02
9.192070652747524884e-01 -9.990000000000000000e+02 -9.990000000000000000e+02 -9.990000000000000000e+02 -9.990000000000000000e+02 5.458186811838053876e-01 -9.990000000000000000e+02 -9.990000000000000000e+02 -9.990000000000000000e+02 -9.990000000000000000e+02 9.825089656120061798e-01 -9.990000000000000000e+02 -9.990000000000000000e+02 -9.990000000000000000e+02 -9.990000000000000000e+02 8.192351354041218503e-01 -9.990000000000000000e+02 -9.990000000000000000e+02 -9.990000000000000000e+02 -9.990000000000000000e+02 8.835799775295941072e-02 -9.990000000000000000e+02 -9.990000000000000000e+02 -9.990000000000000000e+02 -9.990000000000000000e+02 -8.667326238299014607e-01 -9.990000000000000000e+02 -9.990000000000000000e+02 -9.990000000000000000e+02 -9.990000000000000000e+02 -4.157068194803339445e-01 -9.990000000000000000e+02 -9.990000000000000000e+02 -9.990000000000000000e+02 -9.990000000000000000e+02 -3.789828681133503019e-01
-9.990000000000000000e+02 -9.990000000000000000e+02 -9.990000000000000000e+02 -9.990000000000000000e+02 -9.990000000000000000e+02 -9.990000000000000000e+02 -9.990000000000000000e+02 -9.990000000000000000e+02 -9.990000000000000000e+02 -9.990000000000000000e+02 -9.990000000000000000e+02 -9.990000000000000000e+02 -9.990000000000000000e+02 -9.990000000000000000e+02 -9.990000000000000000e+02 -9.990000000000000000e+02 -9.990000000000000000e+02 -9.990000000000000000e+02 -9.990000000000000000e+02 -9.990000000000000000e+02 -9.990000000000000000e+02 -9.990000000000000000e+02 -9.990000000000000000e+02 -9.990000000000000000e+02 -9.990000000000000000e+02 -9.990000000000000000e+02 -9.990000000000000000e+02 -9.990000000000000000e+02 -9.990000000000000000e+02 -9.990000000000000000e+02 -9.990000000000000000e+02 -9.990000000000000000e+02 -9.990000000000000000e+02 -9.990000000000000000e+02 -9.990000000000000000e+02 -9.990000000000000000e+02
