3.157208143859392413e-01 -9.990000000000000000e+02 -9.990000000000000000e+02 -9.990000000000000000e+02 -9.990000000000000000e+02 -4.889436801098845375e-02 -9.990000000000000000e+02 -9.990000000000000000e+02 -9.990000000000000000e+02 -9.990000000000000000e+02 3.338941727027491257e-01 -9.990000000000000000e+02 -9.990000000000000000e+02 -9.990000000000000000e+02 -9.990000000000000000e+02 6.524273019430789633e-01 -9.990000000000000000e+02 -9.990000000000000000e+02 -9.990000000000000000e+02 -9.990000000000000000e+02 -3.823868526094467701e-01 -9.990000000000000000e+02 -9.990000000000000000e+02 -9.990000000000000000e+02 -9.990000000000000000e+02 -1.590584209152902995e+00 -9.990000000000000000e+02 -9.990000000000000000e+02 -9.990000000000000000e+02 -9.990000000000000000e+02 -1.546126528890420904e+00 -9.990000000000000000e+02 -9.990000000000000000e+02 -9.990000000000000000e+02 -9.990000000000000000e+02 2.154421364194711308e-01
-9.990000000000000000e+02 -9.990000000000000000e+02 -9.990000000000000000e+02 -9.990000000000000000e+02 -9.990000000000000000e+02 -9.990000000000000000e+02 -9.990000000000000000e+02 -9.990000000000000000e+02 -9.990000000000000000e+02 -9.990000000000000000e+02 -9.990000000000000000e+02 -9.990000000000000000e+02 -9.990000000000000000e+02 -9.990000000000000000e+02 -9.990000000000000000e+02 -9.990000000000000000e+02 -9.990000000000000000e+02 -9.990000000000000000e+02 -9.990000000000000000e+02 -9.990000000000000000e+02 -9.990000000000000000e+02 -9.990000000000000000e+02 -9.990000000000000000e+02 -9.990000000000000000e+02 -9.990000000000000000e+02 -9.990000000000000000e+02 -9.990000000000000000e+02 -9.990000000000000000e+02 -9.990000000000000000e+02 -9.990000000000000000e+02 -9.990000000000000000e+02 -9.990000000000000000e+02 -9.990000000000000000e+02 -9.990000000000000000e+02 -9.990000000000000000e+02 -9.990000000000000000e+02
-9.990000000000000000e+02 -9.990000000000000000e+02 -9.990000000000000000e+02 -9.990000000000000000e+02 -9.990000000000000000e+02 -9.990000000000000000e+02 -9.990000000000000000e+02 -9.990000000000000000e+02 -9.990000000000000000e+02 -9.990000000000000000e+02 -9.990000000000000000e+02 -9.990000000000000000e+02 -9.990000000000000000e+02 -9.990000000000000000e+02 -9.990000000000000000e+02 -9.990000000000000000e+02 -9.990000000000000000e+02 -9.990000000000000000e+02 -9.990000000000000000e+02 -9.990000000000000000e+02 -9.990000000000000000e+02 -9.990000000000000000e+02 -9.990000000000000000e+02 -9.990000000000000000e+02 -9.990000000000000000e+02 -9.990000000000000000e+02 -9.990000000000000000e+02 -9.990000000000000000e+02 -9.990000000000000000e+02 -9.990000000000000000e+02 -9.990000000000000000e+02 -9.990000000000000000e+02 -9.990000000000000000e+02 -9.990000000000000000e+02 -9.990000000000000000e+02 -9.990000000000000000e+02
-9.990000000000000000e+02 -9.990000000000000000e+02 -9.990000000000000000e+02 -9.990000000000000000e+02 -9.990000000000000000e+02 -9.990000000000000000e+02 -9.990000000000000000e+02 -9.990000000000000000e+02 -9.990000000000000000e+02 -9.990000000000000000e+02 -9.990000000000000000e+02 -9.990000000000000000e+02 -9.990000000000000000e+02 -9.990000000000000000e+02 -9.990000000000000000e+02 -9.990000000000000000e+02 -9.990000000000000000e+02 -9.990000000000000000e+02 -9.990000000000000000e+02 -9.990000000000000000e+02 -9.990000000000000000e+02 -9.990000000000000000e+02 -9.990000000000000000e+02 -9.990000000000000000e+02 -9.990000000000000000e+02 -9.990000000000000000e+02 -9.990000000000000000e+02 -9.990000000000000000e+02 -9.990000000000000000e+02 -9.990000000000000000e+02 -9.990000000000000000e+02 -9.990000000000000000e+02 -9.990000000000000000e+02 -9.990000000000000000e+02 -9.990000000000000000e+02 -9.990000000000000000e+02
9.444626317925828296e-01 -9.990000000000000000e+02 -9.990000000000000000e+02 -9.990000000000000000e+02 -9.990000000000000000e+02 9.124121669873433982e-01 -9.990000000000000000e+02 -9.990000000000000000e+02 -9.990000000000000000e+02 -9.990000000000000000e+02 4.453508904898244580e-01 -9.990000000000000000e+02 -9.990000000000000000e+02 -9.990000000000000000e+02 -9.990000000000000000e+02 -1.516279893680331892e+00 -9.990000000000000000e+02 -9.990000000000000000e+02 -9.990000000000000000e+02 -9.990000000000000000e+02 -8.800575936116245002e-01 -9.990000000000000000e+02 -9.990000000000000000e+02 -9.990000000000000000e+02 -9.990000000000000000e+02 -6.620063572443324329e-01 -9.990000000000000000e+02 -9.990000000000000000e+02 -9.990000000000000000e+02 -9.990000000000000000e+02 2.168835285796192336e-01 -9.990000000000000000e+02 -9.990000000000000000e+02 -9.990000000000000000e+02 -9.990000000000000000e+02 1.099058056809462558e+00
-9.990000000000000000e+02 -9.990000000000000000e+02 -9.990000000000000000e+02 -9.990000000000000000e+02 -9.990000000000000000e+02 -9.990000000000000000e+02 -9.990000000000000000e+02 -9.990000000000000000e+02 -9.990000000000000000e+02 -9.990000000000000000e+02 -9.990000000000000000e+02 -9.990000000000000000e+02 -9.990000000000000000e+02 -9.990000000000000000e+02 -9.990000000000000000e+02 -9.990000000000000000e+02 -9.990000000000000000e+02 -9.990000000000000000e+02 -9.990000000000000000e+02 -9.990000000000000000e+02 -9.990000000000000000e+02 -9.990000000000000000e+02 -9.990000000000000000e+02 -9.990000000000000000e+02 -9.990000000000000000e+02 -9.990000000000000000e+02 -9.990000000000000000e+02 -9.990000000000000000e+02 -9.990000000000000000e+02 -9.990000000000000000e+02 -9.990000000000000000e+02 -9.990000000000000000e+02 -9.990000000000000000e+02 -9.990000000000000000e+02 -9.990000000000000000e+02 -9.990000000000000000e+02
-9.990000000000000000e+02 -9.990000000000000000e+02 -9.990000000000000000e+02 -9.990000000000000000e+02 -9.990000000000000000e+02 -9.990000000000000000e+02 -9.990000000000000000e+02 -9.990000000000000000e+02 -9.990000000000000000e+02 -9.990000000000000000e+02 -9.990000000000000000e+02 -9.990000000000000000e+02 -9.990000000000000000e+02 -9.990000000000000000e+02 -9.990000000000000000e+02 -9.990000000000000000e+02 -9.990000000000000000e+02 -9.990000000000000000e+02 -9.990000000000000000e+02 -9.990000000000000000e+02 -9.990000000000000000e+02 -9.990000000000000000e+02 -9.990000000000000000e+02 -9.990000000000000000e+02 -9.990000000000000000e+02 -9.990000000000000000e+02 -9.990000000000000000e+02 -9.990000000000000000e+02 -9.990000000000000000e+02 -9.990000000000000000e+02 -9.990000000000000000e+02 -9.990000000000000000e+02 -9.990000000000000000e+02 -9.990000000000000000e+02 -9.990000000000000000e+02 -9.990000000000000000e+02
-9.990000000000000000e+02 -9.990000000000000000e+02 -9.990000000000000000e+02 -9.990000000000000000e+02 -9.990000000000000000e+02 -9.990000000000000000e+02 -9.990000000000000000e+02 -9.990000000000000000e+02 -9.990000000000000000e+02 -9.990000000000000000e+02 -9.990000000000000000e+02 -9.990000000000000000e+02 -9.990000000000000000e+02 -9.990000000000000000e+02 -9.990000000000000000e+02 -9.990000000000000000e+02 -9.990000000000000000e+02 -9.990000000000000000e+02 -9.990000000000000000e+02 -9.990000000000000000e+02 -9.990000000000000000e+02 -9.990000000000000000e+02 -9.990000000000000000e+02 -9.990000000000000000e+02 -9.990000000000000000e+02 -9.990000000000000000e+02 -9.990000000000000000e+02 -9.990000000000000000e+02 -9.990000000000000000e+02 -9.990000000000000000e+02 -9.990000000000000000e+02 -9.990000000000000000e+02 -9.990000000000000000e+02 -9.990000000000000000e+02 -9.990000000000000000e+02 -9.990000000000000000e+02
4.009840436772801331e-01 -9.990000000000000000e+02 -9.990000000000000000e+02 -9.990000000000000000e+02 -9.990000000000000000e+02 4.335327964049703331e-01 -9.990000000000000000e+02 -9.990000000000000000e+02 -9.990000000000000000e+02 -9.990000000000000000e+02 -1.210078188883126238e+00 -9.990000000000000000e+02 -9.990000000000000000e+02 -9.990000000000000000e+02 -9.990000000000000000e+02 5.173557779006809909e-02 -9.990000000000000000e+02 -9.990000000000000000e+02 -9.990000000000000000e+02 -9.990000000000000000e+02 -5.539550405150190926e-01 -9.990000000000000000e+02 -9.990000000000000000e+02 -9.990000000000000000e+02 -9.990000000000000000e+02 1.081218148923226430e+00 -9.990000000000000000e+02 -9.990000000000000000e+02 -9.990000000000000000e+02 -9.990000000000000000e+02 1.349715226788662070e+00 -9.990000000000000000e+02 -9.990000000000000000e+02 -9.990000000000000000e+02 -9.990000000000000000e+02 7.635304731710212955e-01
-9.990000000000000000e+02 -9.990000000000000000e+02 -9.990000000000000000e+02 -9.990000000000000000e+02 -9.990000000000000000e+02 -9.990000000000000000e+02 -9.990000000000000000e+02 -9.990000000000000000e+02 -9.990000000000000000e+02 -9.990000000000000000e+02 -9.990000000000000000e+02 -9.990000000000000000e+02 -9.990000000000000000e+02 -9.990000000000000000e+02 -9.990000000000000000e+02 -9.990000000000000000e+02 -9.990000000000000000e+02 -9.990000000000000000e+02 -9.990000000000000000e+02 -9.990000000000000000e+02 -9.990000000000000000e+02 -9.990000000000000000e+02 -9.990000000000000000e+02 -9.990000000000000000e+02 -9.990000000000000000e+02 -9.990000000000000000e+02 -9.990000000000000000e+02 -9.990000000000000000e+02 -9.990000000000000000e+02 -9.990000000000000000e+02 -9.990000000000000000e+02 -9.990000000000000000e+02 -9.990000000000000000e+02 -9.990000000000000000e+02 -9.990000000000000000e+02 -9.990000000000000000e+02
-9.990000000000000000e+02 -9.990000000000000000e+02 -9.990000000000000000e+02 -9.990000000000000000e+02 -9.990000000000000000e+02 -9.990000000000000000e+02 -9.990000000000000000e+02 -9.990000000000000000e+02 -9.990000000000000000e+02 -9.990000000000000000e+02 -9.990000000000000000e+02 -9.990000000000000000e+02 -9.990000000000000000e+02 -9.990000000000000000e+02 -9.990000000000000000e+02 -9.990000000000000000e+02 -9.990000000000000000e+02 -9.990000000000000000e+02 -9.990000000000000000e+02 -9.990000000000000000e+02 -9.990000000000000000e+02 -9.990000000000000000e+02 -9.990000000000000000e+02 -9.990000000000000000e+02 -9.990000000000000000e+02 -9.990000000000000000e+02 -9.990000000000000000e+02 -9.990000000000000000e+02 -9.990000000000000000e+02 -9.990000000000000000e+02 -9.990000000000000000e+02 -9.990000000000000000e+02 -9.990000000000000000e+02 -9.990000000000000000e+02 -9.990000000000000000e+02 -9.990000000000000000e+02
-9.990000000000000000e+02 -9.990000000000000000e+02 -9.990000000000000000e+02 -9.990000000000000000e+02 -9.990000000000000000e+02 -9.990000000000000000e+02 -9.990000000000000000e+02 -9.990000000000000000e+02 -9.990000000000000000e+02 -9.990000000000000000e+02 -9.990000000000000000e+02 -9.990000000000000000e+02 -9.990000000000000000e+02 -9.990000000000000000e+02 -9.990000000000000000e+02 -9.990000000000000000e+02 -9.990000000000000000e+02 -9.990000000000000000e+02 -9.990000000000000000e+02 -9.990000000000000000e+02 -9.990000000000000000e+02 -9.990000000000000000e+02 -9.990000000000000000e+02 -9.990000000000000000e+02 -9.990000000000000000e+02 -9.990000000000000000e+02 -9.990000000000000000e+02 -9.990000000000000000e+02 -9.990000000000000000e+02 -9.990000000000000000e+02 -9.990000000000000000e+02 -9.990000000000000000e+02 -9.990000000000000000e+02 -9.990000000000000000e+02 -9.990000000000000000e+02 -9.990000000000000000e+02
-1.165559286945002881e+00 -9.990000000000000000e+02 -9.990000000000000000e+02 -9.990000000000000000e+02 -9.990000000000000000e+02 -2.114289449648636854e+00 -9.990000000000000000e+02 -9.990000000000000000e+02 -9.990000000000000000e+02 -9.990000000000000000e+02 -1.776899726697045989e-01 -9.990000000000000000e+02 -9.990000000000000000e+02 -9.990000000000000000e+02 -9.990000000000000000e+02 -3.218199510908109628e-02 -9.990000000000000000e+02 -9.990000000000000000e+02 -9.990000000000000000e+02 -9.990000000000000000e+02 4.834828296965121286e-01 -9.990000000000000000e+02 -9.990000000000000000e+02 -9.990000000000000000e+02 -9.990000000000000000e+02 6.430118176615320369e-01 -9.990000000000000000e+02 -9.990000000000000000e+02 -9.990000000000000000e+02 -9.990000000000000000e+02 -6.237311960464264615e-01 -9.990000000000000000e+02 -9.990000000000000000e+02 -9.990000000000000000e+02 -9.990000000000000000e+02 -9.729868276921581627e-01
-9.990000000000000000e+02 -9.990000000000000000e+02 -9.990000000000000000e+02 -9.990000000000000000e+02 -9.990000000000000000e+02 -9.990000000000000000e+02 -9.990000000000000000e+02 -9.990000000000000000e+02 -9.990000000000000000e+02 -9.990000000000000000e+02 -9.990000000000000000e+02 -9.990000000000000000e+02 -9.990000000000000000e+02 -9.990000000000000000e+02 -9.990000000000000000e+02 -9.990000000000000000e+02 -9.990000000000000000e+02 -9.990000000000000000e+02 -9.990000000000000000e+02 -9.990000000000000000e+02 -9.990000000000000000e+02 -9.990000000000000000e+02 -9.990000000000000000e+02 -9.990000000000000000e+02 -9.990000000000000000e+02 -9.990000000000000000e+02 -9.990000000000000000e+02 -9.990000000000000000e+02 -9.990000000000000000e+02 -9.990000000000000000e+02 -9.990000000000000000e+02 -9.990000000000000000e+02 -9.990000000000000000e+02 -9.990000000000000000e+02 -9.990000000000000000e+02 -9.990000000000000000e+02
-9.990000000000000000e+02 -9.990000000000000000e+02 -9.990000000000000000e+02 -9.990000000000000000e+02 -9.990000000000000000e+02 -9.990000000000000000e+02 -9.990000000000000000e+02 -9.990000000000000000e+02 -9.990000000000000000e+02 -9.990000000000000000e+02 -9.990000000000000000e+02 -9.990000000000000000e+02 -9.990000000000000000e+02 -9.990000000000000000e+02 -9.990000000000000000e+02 -9.990000000000000000e+02 -9.990000000000000000e+02 -9.990000000000000000e+02 -9.990000000000000000e+02 -9.990000000000000000e+02 -9.990000000000000000e+02 -9.990000000000000000e+02 -9.990000000000000000e+02 -9.990000000000000000e+02 -9.990000000000000000e+02 -9.990000000000000000e+02 -9.990000000000000000e+02 -9.990000000000000000e+02 -9.990000000000000000e+02 -9.990000000000000000e+02 -9.990000000000000000e+02 -9.990000000000000000e+02 -9.990000000000000000e+02 -9.990000000000000000e+02 -9.990000000000000000e+02 -9.990000000000000000e+02
-9.990000000000000000e+02 -9.990000000000000000e+02 -9.990000000000000000e+02 -9.990000000000000000e+02 -9.990000000000000000e+02 -9.990000000000000000e+02 -9.990000000000000000e+02 -9.990000000000000000e+02 -9.990000000000000000e+02 -9.990000000000000000e+02 -9.990000000000000000e+02 -9.990000000000000000e+02 -9.990000000000000000e+02 -9.990000000000000000e+02 -9.990000000000000000e+02 -9.990000000000000000e+02 -9.990000000000000000e+02 -9.990000000000000000e+02 -9.990000000000000000e+02 -9.990000000000000000e+02 -9.990000000000000000e+02 -9.990000000000000000e+02 -9.990000000000000000e+02 -9.990000000000000000e+02 -9.990000000000000000e+02 -9.990000000000000000e+02 -9.990000000000000000e+02 -9.990000000000000000e+02 -9.990000000000000000e+02 -9.990000000000000000e+02 -9.990000000000000000e+02 -9.990000000000000000e+02 -9.990000000000000000e+02 -9.990000000000000000e+02 -9.990000000000000000e+02 -9.990000000000000000e+02
-1.050278084795329026e+00 -9.990000000000000000e+02 -9.990000000000000000e+02 -9.990000000000000000e+02 -9.990000000000000000e+02 4.652455463719450401e-01 -9.990000000000000000e+02 -9.990000000000000000e+02 -9.990000000000000000e+02 -9.990000000000000000e+02 7.192247350576683740e-01 -9.990000000000000000e+02 -9.990000000000000000e+02 -9.990000000000000000e+02 -9.990000000000000000e+02 6.178487181677313478e-01 -9.990000000000000000e+02 -9.990000000000000000e+02 -9.990000000000000000e+02 -9.990000000000000000e+02 3.440114457923595381e-01 -9.990000000000000000e+02 -9.990000000000000000e+02 -9.990000000000000000e+02 -9.990000000000000000e+02 -7.761030093901974958e-01 -9.990000000000000000e+02 -9.990000000000000000e+02 -9.990000000000000000e+02 -9.990000000000000000e+02 -6.923811845908744989e-01 -9.990000000000000000e+02 -9.990000000000000000e+02 -9.990000000000000000e+02 -9.990000000000000000e+02 -1.462608382314114497e+00
-9.990000000000000000e+02 -9.990000000000000000e+02 -9.990000000000000000e+02 -9.990000000000000000e+02 -9.990000000000000000e+02 -9.990000000000000000e+02 -9.990000000000000000e+02 -9.990000000000000000e+02 -9.990000000000000000e+02 -9.990000000000000000e+02 -9.990000000000000000e+02 -9.990000000000000000e+02 -9.990000000000000000e+02 -9.990000000000000000e+02 -9.990000000000000000e+02 -9.990000000000000000e+02 -9.990000000000000000e+02 -9.990000000000000000e+02 -9.990000000000000000e+02 -9.990000000000000000e+02 -9.990000000000000000e+02 -9.990000000000000000e+02 -9.990000000000000000e+02 -9.990000000000000000e+02 -9.990000000000000000e+02 -9.990000000000000000e+02 -9.990000000000000000e+02 -9.990000000000000000e+02 -9.990000000000000000e+02 -9.990000000000000000e+02 -9.990000000000000000e+02 -9.990000000000000000e+02 -9.990000000000000000e+02 -9.990000000000000000e+02 -9.990000000000000000e+02 -9.990000000000000000e+02
