-9.990000000000000000e+02 -9.990000000000000000e+02 -9.990000000000000000e+02 -9.990000000000000000e+02 -9.990000000000000000e+02 -9.990000000000000000e+02 -9.990000000000000000e+02 -9.990000000000000000e+02 -9.990000000000000000e+02 -9.990000000000000000e+02 -9.990000000000000000e+02 -9.990000000000000000e+02 -9.990000000000000000e+02 -9.990000000000000000e+02 -9.990000000000000000e+02 -9.990000000000000000e+02 -9.990000000000000000e+02 -9.990000000000000000e+02 -9.990000000000000000e+02 -9.990000000000000000e+02 -9.990000000000000000e+02 -9.990000000000000000e+02 -9.990000000000000000e+02 -9.990000000000000000e+02 -9.990000000000000000e+02 -9.990000000000000000e+02 -9.990000000000000000e+02 -9.990000000000000000e+02 -9.990000000000000000e+02 -9.990000000000000000e+02 -9.990000000000000000e+02 -9.990000000000000000e+02 -9.990000000000000000e+02 -9.990000000000000000e+02 -9.990000000000000000e+02 -9.990000000000000000e+02
-9.990000000000000000e+02 -9.990000000000000000e+02 -9.990000000000000000e+02 -9.990000000000000000e+02 -9.990000000000000000e+02 -9.990000000000000000e+02 -9.990000000000000000e+02 -9.990000000000000000e+02 -9.990000000000000000e+02 -9.990000000000000000e+02 -9.990000000000000000e+02 -9.990000000000000000e+02 -9.990000000000000000e+02 -9.990000000000000000e+02 -9.990000000000000000e+02 -9.990000000000000000e+02 -9.990000000000000000e+02 -9.990000000000000000e+02 -9.990000000000000000e+02 -9.990000000000000000e+02 -9.990000000000000000e+02 -9.990000000000000000e+02 -9.990000000000000000e+02 -9.990000000000000000e+02 -9.990000000000000000e+02 -9.990000000000000000e+02 -9.990000000000000000e+02 -9.990000000000000000e+02 -9.990000000000000000e+02 -9.990000000000000000e+02 -9.990000000000000000e+02 -9.990000000000000000e+02 -9.990000000000000000e+02 -9.990000000000000000e+02 -9.990000000000000000e+02 -9.990000000000000000e+02
-9.990000000000000000e+02 -9.990000000000000000e+02 -9.990000000000000000e+02 -1.629732429472515287e+00 -9.990000000000000000e+02 -9.990000000000000000e+02 -9.990000000000000000e+02 -9.990000000000000000e+02 -9.990000000000000000e+02 -9.990000000000000000e+02 -9.990000000000000000e+02 -9.990000000000000000e+02 -9.990000000000000000e+02 -9.990000000000000000e+02 -9.990000000000000000e+02 -9.990000000000000000e+02 -9.990000000000000000e+02 -9.990000000000000000e+02 -9.990000000000000000e+02 -9.990000000000000000e+02 -9.990000000000000000e+02 -9.990000000000000000e+02 -9.990000000000000000e+02 -9.990000000000000000e+02 -9.990000000000000000e+02 -9.990000000000000000e+02 -9.990000000000000000e+02 -9.990000000000000000e+02 -9.990000000000000000e+02 -9.990000000000000000e+02 -9.990000000000000000e+02 -9.990000000000000000e+02 -9.990000000000000000e+02 -9.990000000000000000e+02 -9.990000000000000000e+02 -9.990000000000000000e+02
-9.990000000000000000e+02 -9.990000000000000000e+02 -9.990000000000000000e+02 -9.990000000000000000e+02 -9.990000000000000000e+02 -9.990000000000000000e+02 -9.990000000000000000e+02 -9.990000000000000000e+02 -9.990000000000000000e+02 -9.990000000000000000e+02 -9.990000000000000000e+02 -9.990000000000000000e+02 -9.990000000000000000e+02 -9.990000000000000000e+02 -9.990000000000000000e+02 -9.990000000000000000e+02 -9.990000000000000000e+02 -9.990000000000000000e+02 -9.990000000000000000e+02 -9.990000000000000000e+02 -9.990000000000000000e+02 -9.990000000000000000e+02 -9.990000000000000000e+02 -9.990000000000000000e+02 -9.990000000000000000e+02 -9.990000000000000000e+02 -9.990000000000000000e+02 -9.990000000000000000e+02 -9.990000000000000000e+02 -9.990000000000000000e+02 -9.990000000000000000e+02 -9.990000000000000000e+02 -9.990000000000000000e+02 -9.990000000000000000e+02 -9.990000000000000000e+02 -9.990000000000000000e+02
-9.990000000000000000e+02 -9.990000000000000000e+02 -9.990000000000000000e+02 -9.990000000000000000e+02 -9.990000000000000000e+02 -9.990000000000000000e+02 -9.990000000000000000e+02 -9.990000000000000000e+02 -9.990000000000000000e+02 -9.990000000000000000e+02 -9.990000000000000000e+02 -9.990000000000000000e+02 -9.990000000000000000e+02 -9.990000000000000000e+02 -9.990000000000000000e+02 -9.990000000000000000e+02 -9.990000000000000000e+02 -9.990000000000000000e+02 -9.990000000000000000e+02 -9.990000000000000000e+02 -9.990000000000000000e+02 -9.990000000000000000e+02 -9.990000000000000000e+02 -9.990000000000000000e+02 -9.990000000000000000e+02 -9.990000000000000000e+02 -9.990000000000000000e+02 -9.990000000000000000e+02 -9.990000000000000000e+02 -9.990000000000000000e+02 -9.990000000000000000e+02 -9.990000000000000000e+02 -9.990000000000000000e+02 -9.990000000000000000e+02 -9.990000000000000000e+02 -9.990000000000000000e+02
-9.990000000000000000e+02 -9.990000000000000000e+02 -9.990000000000000000e+02 -9.990000000000000000e+02 -9.990000000000000000e+02 -9.990000000000000000e+02 -9.990000000000000000e+02 -9.990000000000000000e+02 -9.990000000000000000e+02 -9.990000000000000000e+02 -9.990000000000000000e+02 -9.990000000000000000e+02 -9.990000000000000000e+02 -9.990000000000000000e+02 -9.990000000000000000e+02 -9.990000000000000000e+02 -9.990000000000000000e+02 -9.990000000000000000e+02 -9.990000000000000000e+02 -9.990000000000000000e+02 -9.990000000000000000e+02 -9.990000000000000000e+02 -9.990000000000000000e+02 -9.990000000000000000e+02 -9.990000000000000000e+02 -9.990000000000000000e+02 -9.990000000000000000e+02 -9.990000000000000000e+02 -9.990000000000000000e+02 -9.990000000000000000e+02 -9.990000000000000000e+02 -1.172490198966301245e+00 -9.990000000000000000e+02 -9.990000000000000000e+02 -9.990000000000000000e+02 -9.990000000000000000e+02
-9.990000000000000000e+02 -9.990000000000000000e+02 -9.990000000000000000e+02 -3.549904237862557821e-01 -9.990000000000000000e+02 -9.990000000000000000e+02 6.998904623845699779e-01 -9.990000000000000000e+02 -9.990000000000000000e+02 -9.990000000000000000e+02 -9.990000000000000000e+02 -9.990000000000000000e+02 -9.990000000000000000e+02 -9.990000000000000000e+02 -9.990000000000000000e+02 -9.990000000000000000e+02 -9.990000000000000000e+02 -9.990000000000000000e+02 -9.990000000000000000e+02 -9.990000000000000000e+02 7.224864896450049478e-01 -9.990000000000000000e+02 -9.990000000000000000e+02 -9.990000000000000000e+02 -9.990000000000000000e+02 -9.990000000000000000e+02 -9.990000000000000000e+02 -9.990000000000000000e+02 -9.990000000000000000e+02 -9.990000000000000000e+02 -9.990000000000000000e+02 -9.990000000000000000e+02 -9.990000000000000000e+02 -9.990000000000000000e+02 -9.990000000000000000e+02 -9.990000000000000000e+02
-9.990000000000000000e+02 -9.990000000000000000e+02 -9.990000000000000000e+02 -9.990000000000000000e+02 -9.990000000000000000e+02 -9.990000000000000000e+02 -9.990000000000000000e+02 -9.990000000000000000e+02 3.609677995898890046e-01 -9.990000000000000000e+02 -9.990000000000000000e+02 -9.990000000000000000e+02 -9.990000000000000000e+02 -9.990000000000000000e+02 -9.990000000000000000e+02 -9.990000000000000000e+02 -9.990000000000000000e+02 -9.990000000000000000e+02 -9.990000000000000000e+02 -9.990000000000000000e+02 -9.990000000000000000e+02 -9.990000000000000000e+02 -9.990000000000000000e+02 -9.990000000000000000e+02 -9.990000000000000000e+02 -9.990000000000000000e+02 -9.990000000000000000e+02 -9.990000000000000000e+02 -9.990000000000000000e+02 -9.990000000000000000e+02 -9.990000000000000000e+02 -9.990000000000000000e+02 -9.990000000000000000e+02 -9.990000000000000000e+02 -9.990000000000000000e+02 -9.990000000000000000e+02
-9.990000000000000000e+02 -9.990000000000000000e+02 -9.990000000000000000e+02 -9.990000000000000000e+02 -9.990000000000000000e+02 -9.990000000000000000e+02 -9.990000000000000000e+02 -9.990000000000000000e+02 -9.990000000000000000e+02 -9.990000000000000000e+02 -9.990000000000000000e+02 -9.990000000000000000e+02 -9.990000000000000000e+02 -9.990000000000000000e+02 -9.990000000000000000e+02 -9.990000000000000000e+02 -9.990000000000000000e+02 -9.990000000000000000e+02 -9.990000000000000000e+02 -9.990000000000000000e+02 -9.990000000000000000e+02 -9.990000000000000000e+02 -9.990000000000000000e+02 -9.990000000000000000e+02 -9.990000000000000000e+02 -9.990000000000000000e+02 -9.990000000000000000e+02 -9.990000000000000000e+02 -9.990000000000000000e+02 -9.990000000000000000e+02 -9.990000000000000000e+02 -9.990000000000000000e+02 -9.990000000000000000e+02 -9.990000000000000000e+02 -9.990000000000000000e+02 -9.990000000000000000e+02
-9.990000000000000000e+02 -9.990000000000000000e+02 -9.990000000000000000e+02 -9.990000000000000000e+02 -9.990000000000000000e+02 -9.990000000000000000e+02 -9.990000000000000000e+02 -9.990000000000000000e+02 -9.990000000000000000e+02 -9.990000000000000000e+02 -9.990000000000000000e+02 -9.990000000000000000e+02 -9.990000000000000000e+02 -9.990000000000000000e+02 -9.990000000000000000e+02 -9.990000000000000000e+02 -9.990000000000000000e+02 -9.990000000000000000e+02 -9.990000000000000000e+02 -9.990000000000000000e+02 -9.990000000000000000e+02 -9.990000000000000000e+02 -9.990000000000000000e+02 -9.990000000000000000e+02 -9.990000000000000000e+02 -9.990000000000000000e+02 -9.990000000000000000e+02 -9.990000000000000000e+02 -9.990000000000000000e+02 -9.990000000000000000e+02 -9.990000000000000000e+02 -9.990000000000000000e+02 -9.990000000000000000e+02 -9.990000000000000000e+02 -9.990000000000000000e+02 -9.990000000000000000e+02
-9.990000000000000000e+02 -9.990000000000000000e+02 -9.990000000000000000e+02 -9.990000000000000000e+02 -9.990000000000000000e+02 -9.990000000000000000e+02 -9.990000000000000000e+02 -9.990000000000000000e+02 -9.990000000000000000e+02 -9.990000000000000000e+02 -9.990000000000000000e+02 -9.990000000000000000e+02 -9.990000000000000000e+02 -9.990000000000000000e+02 6.594206592817568602e-01 -9.990000000000000000e+02 -9.990000000000000000e+02 -9.990000000000000000e+02 -9.990000000000000000e+02 -9.990000000000000000e+02 -9.990000000000000000e+02 -9.990000000000000000e+02 -9.990000000000000000e+02 -9.990000000000000000e+02 -9.990000000000000000e+02 -9.990000000000000000e+02 -9.990000000000000000e+02 -9.990000000000000000e+02 -9.990000000000000000e+02 -9.990000000000000000e+02 -9.990000000000000000e+02 -9.990000000000000000e+02 -9.990000000000000000e+02 -9.990000000000000000e+02 -9.990000000000000000e+02 -9.990000000000000000e+02
-9.990000000000000000e+02 -9.990000000000000000e+02 -9.990000000000000000e+02 -9.990000000000000000e+02 -9.990000000000000000e+02 -9.990000000000000000e+02 -9.990000000000000000e+02 -9.990000000000000000e+02 -9.990000000000000000e+02 -9.990000000000000000e+02 -9.990000000000000000e+02 -9.990000000000000000e+02 -9.990000000000000000e+02 -9.990000000000000000e+02 -9.990000000000000000e+02 -9.990000000000000000e+02 -9.990000000000000000e+02 -9.990000000000000000e+02 -9.990000000000000000e+02 -9.990000000000000000e+02 -9.990000000000000000e+02 -9.990000000000000000e+02 -9.990000000000000000e+02 -9.990000000000000000e+02 -9.990000000000000000e+02 -9.990000000000000000e+02 -9.990000000000000000e+02 -9.990000000000000000e+02 -9.990000000000000000e+02 -9.990000000000000000e+02 -9.990000000000000000e+02 1.239886238177181577e+00 -9.990000000000000000e+02 -9.990000000000000000e+02 -9.990000000000000000e+02 -9.990000000000000000e+02
-9.990000000000000000e+02 -9.990000000000000000e+02 -9.990000000000000000e+02 -9.990000000000000000e+02 -9.990000000000000000e+02 -9.990000000000000000e+02 -9.990000000000000000e+02 -9.990000000000000000e+02 -9.990000000000000000e+02 -9.990000000000000000e+02 -9.990000000000000000e+02 -9.990000000000000000e+02 -9.990000000000000000e+02 -9.990000000000000000e+02 -9.990000000000000000e+02 -9.990000000000000000e+02 -9.990000000000000000e+02 -9.990000000000000000e+02 -9.990000000000000000e+02 -9.990000000000000000e+02 -9.990000000000000000e+02 -9.990000000000000000e+02 -9.990000000000000000e+02 -9.990000000000000000e+02 -9.990000000000000000e+02 -9.990000000000000000e+02 -9.990000000000000000e+02 -9.990000000000000000e+02 -9.990000000000000000e+02 -9.990000000000000000e+02 -9.990000000000000000e+02 -9.990000000000000000e+02 -9.990000000000000000e+02 -9.990000000000000000e+02 -9.990000000000000000e+02 -9.990000000000000000e+02
-9.990000000000000000e+02 -9.990000000000000000e+02 -9.990000000000000000e+02 -9.990000000000000000e+02 -9.990000000000000000e+02 -9.990000000000000000e+02 -9.990000000000000000e+02 -9.990000000000000000e+02 -9.990000000000000000e+02 -9.990000000000000000e+02 -9.990000000000000000e+02 -9.990000000000000000e+02 -9.990000000000000000e+02 -9.990000000000000000e+02 -9.990000000000000000e+02 -9.990000000000000000e+02 -9.990000000000000000e+02 -9.990000000000000000e+02 -9.990000000000000000e+02 -9.990000000000000000e+02 -9.990000000000000000e+02 -9.990000000000000000e+02 -9.990000000000000000e+02 -9.990000000000000000e+02 -9.990000000000000000e+02 -9.990000000000000000e+02 -9.990000000000000000e+02 -9.990000000000000000e+02 -9.990000000000000000e+02 -9.990000000000000000e+02 -9.990000000000000000e+02 -9.990000000000000000e+02 -9.990000000000000000e+02 -9.990000000000000000e+02 -9.990000000000000000e+02 -9.990000000000000000e+02
-9.990000000000000000e+02 -9.990000000000000000e+02 -9.990000000000000000e+02 -9.990000000000000000e+02 -9.990000000000000000e+02 -9.990000000000000000e+02 -9.990000000000000000e+02 -9.990000000000000000e+02 -7.958529720188214363e-01 -9.990000000000000000e+02 -9.990000000000000000e+02 -9.990000000000000000e+02 -9.990000000000000000e+02 -9.990000000000000000e+02 -9.990000000000000000e+02 -9.990000000000000000e+02 -9.990000000000000000e+02 -9.990000000000000000e+02 -9.990000000000000000e+02 -9.990000000000000000e+02 -9.990000000000000000e+02 -9.990000000000000000e+02 -9.990000000000000000e+02 -9.990000000000000000e+02 -9.990000000000000000e+02 -9.990000000000000000e+02 -9.990000000000000000e+02 -9.990000000000000000e+02 -2.470248413444048330e-01 -9.990000000000000000e+02 -9.990000000000000000e+02 -9.990000000000000000e+02 -9.990000000000000000e+02 -9.990000000000000000e+02 -9.990000000000000000e+02 -9.990000000000000000e+02
-9.990000000000000000e+02 -9.990000000000000000e+02 -9.990000000000000000e+02 -9.990000000000000000e+02 -9.990000000000000000e+02 -9.990000000000000000e+02 -9.990000000000000000e+02 -9.990000000000000000e+02 -9.990000000000000000e+02 -9.990000000000000000e+02 -9.990000000000000000e+02 -9.990000000000000000e+02 -9.990000000000000000e+02 -9.990000000000000000e+02 -9.990000000000000000e+02 -9.990000000000000000e+02 -9.990000000000000000e+02 -9.990000000000000000e+02 -9.990000000000000000e+02 -9.990000000000000000e+02 -9.990000000000000000e+02 -9.990000000000000000e+02 -9.990000000000000000e+02 -9.990000000000000000e+02 -9.990000000000000000e+02 -9.990000000000000000e+02 -9.990000000000000000e+02 -9.990000000000000000e+02 -9.990000000000000000e+02 -9.990000000000000000e+02 -9.990000000000000000e+02 -9.990000000000000000e+02 -9.990000000000000000e+02 -9.990000000000000000e+02 -9.990000000000000000e+02 -9.990000000000000000e+02
-9.990000000000000000e+02 -9.990000000000000000e+02 -9.990000000000000000e+02 -9.990000000000000000e+02 -9.990000000000000000e+02 -9.990000000000000000e+02 -9.990000000000000000e+02 -9.990000000000000000e+02 -9.990000000000000000e+02 -9.990000000000000000e+02 -9.990000000000000000e+02 -9.990000000000000000e+02 -9.990000000000000000e+02 -9.990000000000000000e+02 -9.990000000000000000e+02 -9.990000000000000000e+02 -9.990000000000000000e+02 -9.990000000000000000e+02 -9.990000000000000000e+02 -9.990000000000000000e+02 -1.594683239216644344e+00 -9.990000000000000000e+02 -9.990000000000000000e+02 -9.990000000000000000e+02 -9.990000000000000000e+02 -9.990000000000000000e+02 -9.990000000000000000e+02 -9.990000000000000000e+02 -9.990000000000000000e+02 -9.990000000000000000e+02 -9.990000000000000000e+02 -9.990000000000000000e+02 -9.990000000000000000e+02 -9.990000000000000000e+02 -9.990000000000000000e+02 -9.990000000000000000e+02
-9.990000000000000000e+02 -9.990000000000000000e+02 -9.990000000000000000e+02 -9.990000000000000000e+02 -9.990000000000000000e+02 -9.990000000000000000e+02 -9.990000000000000000e+02 -9.990000000000000000e+02 -9.990000000000000000e+02 -9.990000000000000000e+02 -9.990000000000000000e+02 -9.990000000000000000e+02 -9.990000000000000000e+02 -9.990000000000000000e+02 -9.990000000000000000e+02 -9.990000000000000000e+02 -9.990000000000000000e+02 -9.990000000000000000e+02 -9.990000000000000000e+02 -9.990000000000000000e+02 -9.990000000000000000e+02 -9.990000000000000000e+02 -9.990000000000000000e+02 -9.990000000000000000e+02 -9.990000000000000000e+02 -9.990000000000000000e+02 -9.990000000000000000e+02 -9.990000000000000000e+02 -9.990000000000000000e+02 -9.990000000000000000e+02 -9.990000000000000000e+02 -9.990000000000000000e+02 -9.990000000000000000e+02 -9.990000000000000000e+02 -9.990000000000000000e+02 -9.990000000000000000e+02
