-9.990000000000000000e+02 -9.990000000000000000e+02 -9.990000000000000000e+02 -9.990000000000000000e+02 -9.990000000000000000e+02 -9.990000000000000000e+02 -9.990000000000000000e+02 -9.990000000000000000e+02 -9.990000000000000000e+02 -9.990000000000000000e+02 -9.990000000000000000e+02 -9.990000000000000000e+02 -9.990000000000000000e+02 -9.990000000000000000e+02 -9.990000000000000000e+02 -9.990000000000000000e+02 -9.990000000000000000e+02 -9.990000000000000000e+02 -9.990000000000000000e+02 -9.990000000000000000e+02 -9.990000000000000000e+02 -9.990000000000000000e+02 -9.990000000000000000e+02 -9.990000000000000000e+02 -9.990000000000000000e+02 -9.990000000000000000e+02 -9.990000000000000000e+02 -9.990000000000000000e+02 -9.990000000000000000e+02 -9.990000000000000000e+02 -9.990000000000000000e+02 -9.990000000000000000e+02 -9.990000000000000000e+02 -9.990000000000000000e+02 -9.990000000000000000e+02 -9.990000000000000000e+02
-9.990000000000000000e+02 -9.990000000000000000e+02 -9.990000000000000000e+02 -9.990000000000000000e+02 -9.990000000000000000e+02 -9.990000000000000000e+02 -9.990000000000000000e+02 -9.990000000000000000e+02 -9.990000000000000000e+02 -9.990000000000000000e+02 -9.990000000000000000e+02 -9.990000000000000000e+02 -9.990000000000000000e+02 -9.990000000000000000e+02 -9.990000000000000000e+02 -9.990000000000000000e+02 -9.990000000000000000e+02 -9.990000000000000000e+02 -9.990000000000000000e+02 -9.990000000000000000e+02 -9.990000000000000000e+02 -9.990000000000000000e+02 -9.990000000000000000e+02 -9.990000000000000000e+02 -9.990000000000000000e+02 -9.990000000000000000e+02 -9.990000000000000000e+02 -9.990000000000000000e+02 -9.990000000000000000e+02 -9.990000000000000000e+02 -9.990000000000000000e+02 -9.990000000000000000e+02 -9.990000000000000000e+02 -9.990000000000000000e+02 -9.990000000000000000e+02 -9.990000000000000000e+02
-9.990000000000000000e+02 -9.990000000000000000e+02 -9.990000000000000000e+02 1.134375212427239488e+00 -9.990000000000000000e+02 -9.990000000000000000e+02 -9.990000000000000000e+02 -9.990000000000000000e+02 -9.990000000000000000e+02 -9.990000000000000000e+02 -9.990000000000000000e+02 -9.990000000000000000e+02 -9.990000000000000000e+02 -9.990000000000000000e+02 -9.990000000000000000e+02 -9.990000000000000000e+02 -9.990000000000000000e+02 -9.990000000000000000e+02 -9.990000000000000000e+02 -9.990000000000000000e+02 -9.990000000000000000e+02 -9.990000000000000000e+02 -9.990000000000000000e+02 -9.990000000000000000e+02 -9.990000000000000000e+02 -9.990000000000000000e+02 -9.990000000000000000e+02 -9.990000000000000000e+02 -9.990000000000000000e+02 -9.990000000000000000e+02 -9.990000000000000000e+02 -9.990000000000000000e+02 -9.990000000000000000e+02 -9.990000000000000000e+02 -9.990000000000000000e+02 -9.990000000000000000e+02
-9.990000000000000000e+02 -9.990000000000000000e+02 -9.990000000000000000e+02 -9.990000000000000000e+02 -9.990000000000000000e+02 -9.990000000000000000e+02 -9.990000000000000000e+02 -9.990000000000000000e+02 -9.990000000000000000e+02 -9.990000000000000000e+02 -9.990000000000000000e+02 -9.990000000000000000e+02 -9.990000000000000000e+02 -9.990000000000000000e+02 -9.990000000000000000e+02 -9.990000000000000000e+02 -9.990000000000000000e+02 -9.990000000000000000e+02 -9.990000000000000000e+02 -9.990000000000000000e+02 -9.990000000000000000e+02 -9.990000000000000000e+02 -9.990000000000000000e+02 -9.990000000000000000e+02 -9.990000000000000000e+02 -9.990000000000000000e+02 -9.990000000000000000e+02 -9.990000000000000000e+02 -9.990000000000000000e+02 -9.990000000000000000e+02 -9.990000000000000000e+02 -9.990000000000000000e+02 -9.990000000000000000e+02 -9.990000000000000000e+02 -9.990000000000000000e+02 -9.990000000000000000e+02
-9.990000000000000000e+02 -9.990000000000000000e+02 -9.990000000000000000e+02 -9.990000000000000000e+02 -9.990000000000000000e+02 -9.990000000000000000e+02 -9.990000000000000000e+02 -9.990000000000000000e+02 -9.990000000000000000e+02 -9.990000000000000000e+02 -9.990000000000000000e+02 -9.990000000000000000e+02 -9.990000000000000000e+02 -9.990000000000000000e+02 -9.990000000000000000e+02 -9.990000000000000000e+02 -9.990000000000000000e+02 -9.990000000000000000e+02 -9.990000000000000000e+02 -9.990000000000000000e+02 -9.990000000000000000e+02 -9.990000000000000000e+02 -9.990000000000000000e+02 -9.990000000000000000e+02 -9.990000000000000000e+02 -9.990000000000000000e+02 -9.990000000000000000e+02 -9.990000000000000000e+02 -9.990000000000000000e+02 -9.990000000000000000e+02 -9.990000000000000000e+02 -9.990000000000000000e+02 -9.990000000000000000e+02 -9.990000000000000000e+02 -9.990000000000000000e+02 -9.990000000000000000e+02
-9.990000000000000000e+02 -9.990000000000000000e+02 -9.990000000000000000e+02 -9.990000000000000000e+02 -9.990000000000000000e+02 -9.990000000000000000e+02 -9.990000000000000000e+02 -9.990000000000000000e+02 -9.990000000000000000e+02 -9.990000000000000000e+02 -9.990000000000000000e+02 -9.990000000000000000e+02 -9.990000000000000000e+02 -9.990000000000000000e+02 -9.990000000000000000e+02 -9.990000000000000000e+02 -9.990000000000000000e+02 -9.990000000000000000e+02 -9.990000000000000000e+02 -9.990000000000000000e+02 -9.990000000000000000e+02 -9.990000000000000000e+02 -9.990000000000000000e+02 -9.990000000000000000e+02 -9.990000000000000000e+02 -9.990000000000000000e+02 -9.990000000000000000e+02 -9.990000000000000000e+02 -9.990000000000000000e+02 -9.990000000000000000e+02 -9.990000000000000000e+02 1.062535423204972629e+00 -9.990000000000000000e+02 -9.990000000000000000e+02 -9.990000000000000000e+02 -9.990000000000000000e+02
-9.990000000000000000e+02 -9.990000000000000000e+02 -9.990000000000000000e+02 -8.729531423210257213e-02 -9.990000000000000000e+02 -9.990000000000000000e+02 3.497943893477922783e-02 -9.990000000000000000e+02 -9.990000000000000000e+02 -9.990000000000000000e+02 -9.990000000000000000e+02 -9.990000000000000000e+02 -9.990000000000000000e+02 -9.990000000000000000e+02 -9.990000000000000000e+02 -9.990000000000000000e+02 -9.990000000000000000e+02 -9.990000000000000000e+02 -9.990000000000000000e+02 -9.990000000000000000e+02 -5.136956659216194154e-01 -9.990000000000000000e+02 -9.990000000000000000e+02 -9.990000000000000000e+02 -9.990000000000000000e+02 -9.990000000000000000e+02 -9.990000000000000000e+02 -9.990000000000000000e+02 -9.990000000000000000e+02 -9.990000000000000000e+02 -9.990000000000000000e+02 -9.990000000000000000e+02 -9.990000000000000000e+02 -9.990000000000000000e+02 -9.990000000000000000e+02 -9.990000000000000000e+02
-9.990000000000000000e+02 -9.990000000000000000e+02 -9.990000000000000000e+02 -9.990000000000000000e+02 -9.990000000000000000e+02 -9.990000000000000000e+02 -9.990000000000000000e+02 -9.990000000000000000e+02 -3.748412131212808251e-02 -9.990000000000000000e+02 -9.990000000000000000e+02 -9.990000000000000000e+02 -9.990000000000000000e+02 -9.990000000000000000e+02 -9.990000000000000000e+02 -9.990000000000000000e+02 -9.990000000000000000e+02 -9.990000000000000000e+02 -9.990000000000000000e+02 -9.990000000000000000e+02 -9.990000000000000000e+02 -9.990000000000000000e+02 -9.990000000000000000e+02 -9.990000000000000000e+02 -9.990000000000000000e+02 -9.990000000000000000e+02 -9.990000000000000000e+02 -9.990000000000000000e+02 -9.990000000000000000e+02 -9.990000000000000000e+02 -9.990000000000000000e+02 -9.990000000000000000e+02 -9.990000000000000000e+02 -9.990000000000000000e+02 -9.990000000000000000e+02 -9.990000000000000000e+02
-9.990000000000000000e+02 -9.990000000000000000e+02 -9.990000000000000000e+02 -9.990000000000000000e+02 -9.990000000000000000e+02 -9.990000000000000000e+02 -9.990000000000000000e+02 -9.990000000000000000e+02 -9.990000000000000000e+02 -9.990000000000000000e+02 -9.990000000000000000e+02 -9.990000000000000000e+02 -9.990000000000000000e+02 -9.990000000000000000e+02 -9.990000000000000000e+02 -9.990000000000000000e+02 -9.990000000000000000e+02 -9.990000000000000000e+02 -9.990000000000000000e+02 -9.990000000000000000e+02 -9.990000000000000000e+02 -9.990000000000000000e+02 -9.990000000000000000e+02 -9.990000000000000000e+02 -9.990000000000000000e+02 -9.990000000000000000e+02 -9.990000000000000000e+02 -9.990000000000000000e+02 -9.990000000000000000e+02 -9.990000000000000000e+02 -9.990000000000000000e+02 -9.990000000000000000e+02 -9.990000000000000000e+02 -9.990000000000000000e+02 -9.990000000000000000e+02 -9.990000000000000000e+02
-9.990000000000000000e+02 -9.990000000000000000e+02 -9.990000000000000000e+02 -9.990000000000000000e+02 -9.990000000000000000e+02 -9.990000000000000000e+02 -9.990000000000000000e+02 -9.990000000000000000e+02 -9.990000000000000000e+02 -9.990000000000000000e+02 -9.990000000000000000e+02 -9.990000000000000000e+02 -9.990000000000000000e+02 -9.990000000000000000e+02 -9.990000000000000000e+02 -9.990000000000000000e+02 -9.990000000000000000e+02 -9.990000000000000000e+02 -9.990000000000000000e+02 -9.990000000000000000e+02 -9.990000000000000000e+02 -9.990000000000000000e+02 -9.990000000000000000e+02 -9.990000000000000000e+02 -9.990000000000000000e+02 -9.990000000000000000e+02 -9.990000000000000000e+02 -9.990000000000000000e+02 -9.990000000000000000e+02 -9.990000000000000000e+02 -9.990000000000000000e+02 -9.990000000000000000e+02 -9.990000000000000000e+02 -9.990000000000000000e+02 -9.990000000000000000e+02 -9.990000000000000000e+02
-9.990000000000000000e+02 -9.990000000000000000e+02 -9.990000000000000000e+02 -9.990000000000000000e+02 -9.990000000000000000e+02 -9.990000000000000000e+02 -9.990000000000000000e+02 -9.990000000000000000e+02 -9.990000000000000000e+02 -9.990000000000000000e+02 -9.990000000000000000e+02 -9.990000000000000000e+02 -9.990000000000000000e+02 -9.990000000000000000e+02 -1.167035797660400220e+00 -9.990000000000000000e+02 -9.990000000000000000e+02 -9.990000000000000000e+02 -9.990000000000000000e+02 -9.990000000000000000e+02 -9.990000000000000000e+02 -9.990000000000000000e+02 -9.990000000000000000e+02 -9.990000000000000000e+02 -9.990000000000000000e+02 -9.990000000000000000e+02 -9.990000000000000000e+02 -9.990000000000000000e+02 -9.990000000000000000e+02 -9.990000000000000000e+02 -9.990000000000000000e+02 -9.990000000000000000e+02 -9.990000000000000000e+02 -9.990000000000000000e+02 -9.990000000000000000e+02 -9.990000000000000000e+02
-9.990000000000000000e+02 -9.990000000000000000e+02 -9.990000000000000000e+02 -9.990000000000000000e+02 -9.990000000000000000e+02 -9.990000000000000000e+02 -9.990000000000000000e+02 -9.990000000000000000e+02 -9.990000000000000000e+02 -9.990000000000000000e+02 -9.990000000000000000e+02 -9.990000000000000000e+02 -9.990000000000000000e+02 -9.990000000000000000e+02 -9.990000000000000000e+02 -9.990000000000000000e+02 -9.990000000000000000e+02 -9.990000000000000000e+02 -9.990000000000000000e+02 -9.990000000000000000e+02 -9.990000000000000000e+02 -9.990000000000000000e+02 -9.990000000000000000e+02 -9.990000000000000000e+02 -9.990000000000000000e+02 -9.990000000000000000e+02 -9.990000000000000000e+02 -9.990000000000000000e+02 -9.990000000000000000e+02 -9.990000000000000000e+02 -9.990000000000000000e+02 -9.054127860982558174e-02 -9.990000000000000000e+02 -9.990000000000000000e+02 -9.990000000000000000e+02 -9.990000000000000000e+02
-9.990000000000000000e+02 -9.990000000000000000e+02 -9.990000000000000000e+02 -9.990000000000000000e+02 -9.990000000000000000e+02 -9.990000000000000000e+02 -9.990000000000000000e+02 -9.990000000000000000e+02 -9.990000000000000000e+02 -9.990000000000000000e+02 -9.990000000000000000e+02 -9.990000000000000000e+02 -9.990000000000000000e+02 -9.990000000000000000e+02 -9.990000000000000000e+02 -9.990000000000000000e+02 -9.990000000000000000e+02 -9.990000000000000000e+02 -9.990000000000000000e+02 -9.990000000000000000e+02 -9.990000000000000000e+02 -9.990000000000000000e+02 -9.990000000000000000e+02 -9.990000000000000000e+02 -9.990000000000000000e+02 -9.990000000000000000e+02 -9.990000000000000000e+02 -9.990000000000000000e+02 -9.990000000000000000e+02 -9.990000000000000000e+02 -9.990000000000000000e+02 -9.990000000000000000e+02 -9.990000000000000000e+02 -9.990000000000000000e+02 -9.990000000000000000e+02 -9.990000000000000000e+02
-9.990000000000000000e+02 -9.990000000000000000e+02 -9.990000000000000000e+02 -9.990000000000000000e+02 -9.990000000000000000e+02 -9.990000000000000000e+02 -9.990000000000000000e+02 -9.990000000000000000e+02 -9.990000000000000000e+02 -9.990000000000000000e+02 -9.990000000000000000e+02 -9.990000000000000000e+02 -9.990000000000000000e+02 -9.990000000000000000e+02 -9.990000000000000000e+02 -9.990000000000000000e+02 -9.990000000000000000e+02 -9.990000000000000000e+02 -9.990000000000000000e+02 -9.990000000000000000e+02 -9.990000000000000000e+02 -9.990000000000000000e+02 -9.990000000000000000e+02 -9.990000000000000000e+02 -9.990000000000000000e+02 -9.990000000000000000e+02 -9.990000000000000000e+02 -9.990000000000000000e+02 -9.990000000000000000e+02 -9.990000000000000000e+02 -9.990000000000000000e+02 -9.990000000000000000e+02 -9.990000000000000000e+02 -9.990000000000000000e+02 -9.990000000000000000e+02 -9.990000000000000000e+02
-9.990000000000000000e+02 -9.990000000000000000e+02 -9.990000000000000000e+02 -9.990000000000000000e+02 -9.990000000000000000e+02 -9.990000000000000000e+02 -9.990000000000000000e+02 -9.990000000000000000e+02 -3.139531151889021765e-01 -9.990000000000000000e+02 -9.990000000000000000e+02 -9.990000000000000000e+02 -9.990000000000000000e+02 -9.990000000000000000e+02 -9.990000000000000000e+02 -9.990000000000000000e+02 -9.990000000000000000e+02 -9.990000000000000000e+02 -9.990000000000000000e+02 -9.990000000000000000e+02 -9.990000000000000000e+02 -9.990000000000000000e+02 -9.990000000000000000e+02 -9.990000000000000000e+02 -9.990000000000000000e+02 -9.990000000000000000e+02 -9.990000000000000000e+02 -9.990000000000000000e+02 1.995870130286591382e-01 -9.990000000000000000e+02 -9.990000000000000000e+02 -9.990000000000000000e+02 -9.990000000000000000e+02 -9.990000000000000000e+02 -9.990000000000000000e+02 -9.990000000000000000e+02
-9.990000000000000000e+02 -9.990000000000000000e+02 -9.990000000000000000e+02 -9.990000000000000000e+02 -9.990000000000000000e+02 -9.990000000000000000e+02 -9.990000000000000000e+02 -9.990000000000000000e+02 -9.990000000000000000e+02 -9.990000000000000000e+02 -9.990000000000000000e+02 -9.990000000000000000e+02 -9.990000000000000000e+02 -9.990000000000000000e+02 -9.990000000000000000e+02 -9.990000000000000000e+02 -9.990000000000000000e+02 -9.990000000000000000e+02 -9.990000000000000000e+02 -9.990000000000000000e+02 -9.990000000000000000e+02 -9.990000000000000000e+02 -9.990000000000000000e+02 -9.990000000000000000e+02 -9.990000000000000000e+02 -9.990000000000000000e+02 -9.990000000000000000e+02 -9.990000000000000000e+02 -9.990000000000000000e+02 -9.990000000000000000e+02 -9.990000000000000000e+02 -9.990000000000000000e+02 -9.990000000000000000e+02 -9.990000000000000000e+02 -9.990000000000000000e+02 -9.990000000000000000e+02
-9.990000000000000000e+02 -9.990000000000000000e+02 -9.990000000000000000e+02 -9.990000000000000000e+02 -9.990000000000000000e+02 -9.990000000000000000e+02 -9.990000000000000000e+02 -9.990000000000000000e+02 -9.990000000000000000e+02 -9.990000000000000000e+02 -9.990000000000000000e+02 -9.990000000000000000e+02 -9.990000000000000000e+02 -9.990000000000000000e+02 -9.990000000000000000e+02 -9.990000000000000000e+02 -9.990000000000000000e+02 -9.990000000000000000e+02 -9.990000000000000000e+02 -9.990000000000000000e+02 4.643330886180485062e-01 -9.990000000000000000e+02 -9.990000000000000000e+02 -9.990000000000000000e+02 -9.990000000000000000e+02 -9.990000000000000000e+02 -9.990000000000000000e+02 -9.990000000000000000e+02 -9.990000000000000000e+02 -9.990000000000000000e+02 -9.990000000000000000e+02 -9.990000000000000000e+02 -9.990000000000000000e+02 -9.990000000000000000e+02 -9.990000000000000000e+02 -9.990000000000000000e+02
-9.990000000000000000e+02 -9.990000000000000000e+02 -9.990000000000000000e+02 -9.990000000000000000e+02 -9.990000000000000000e+02 -9.990000000000000000e+02 -9.990000000000000000e+02 -9.990000000000000000e+02 -9.990000000000000000e+02 -9.990000000000000000e+02 -9.990000000000000000e+02 -9.990000000000000000e+02 -9.990000000000000000e+02 -9.990000000000000000e+02 -9.990000000000000000e+02 -9.990000000000000000e+02 -9.990000000000000000e+02 -9.990000000000000000e+02 -9.990000000000000000e+02 -9.990000000000000000e+02 -9.990000000000000000e+02 -9.990000000000000000e+02 -9.990000000000000000e+02 -9.990000000000000000e+02 -9.990000000000000000e+02 -9.990000000000000000e+02 -9.990000000000000000e+02 -9.990000000000000000e+02 -9.990000000000000000e+02 -9.990000000000000000e+02 -9.990000000000000000e+02 -9.990000000000000000e+02 -9.990000000000000000e+02 -9.990000000000000000e+02 -9.990000000000000000e+02 -9.990000000000000000e+02
