-9.990000000000000000e+02 -9.990000000000000000e+02 -9.990000000000000000e+02 -9.990000000000000000e+02 -9.990000000000000000e+02 -9.990000000000000000e+02 -9.990000000000000000e+02 -9.990000000000000000e+02 -9.990000000000000000e+02 -9.990000000000000000e+02 -9.990000000000000000e+02 -9.990000000000000000e+02 -9.990000000000000000e+02 -9.990000000000000000e+02 -9.990000000000000000e+02 -9.990000000000000000e+02 -9.990000000000000000e+02 -9.990000000000000000e+02 -9.990000000000000000e+02 -9.990000000000000000e+02 -9.990000000000000000e+02 -9.990000000000000000e+02 -9.990000000000000000e+02 -9.990000000000000000e+02 -9.990000000000000000e+02 -9.990000000000000000e+02 -9.990000000000000000e+02 -9.990000000000000000e+02 -9.990000000000000000e+02 -9.990000000000000000e+02 -9.990000000000000000e+02 -9.990000000000000000e+02 -9.990000000000000000e+02 -9.990000000000000000e+02 -9.990000000000000000e+02 -9.990000000000000000e+02
-9.990000000000000000e+02 -9.990000000000000000e+02 -9.990000000000000000e+02 -9.990000000000000000e+02 -9.990000000000000000e+02 -9.990000000000000000e+02 -9.990000000000000000e+02 -9.990000000000000000e+02 -9.990000000000000000e+02 -9.990000000000000000e+02 -9.990000000000000000e+02 -9.990000000000000000e+02 -9.990000000000000000e+02 -9.990000000000000000e+02 -9.990000000000000000e+02 -9.990000000000000000e+02 -9.990000000000000000e+02 -9.990000000000000000e+02 -9.990000000000000000e+02 -9.990000000000000000e+02 -9.990000000000000000e+02 -9.990000000000000000e+02 -9.990000000000000000e+02 -9.990000000000000000e+02 -9.990000000000000000e+02 -9.990000000000000000e+02 -9.990000000000000000e+02 -9.990000000000000000e+02 -9.990000000000000000e+02 -9.990000000000000000e+02 -9.990000000000000000e+02 -9.990000000000000000e+02 -9.990000000000000000e+02 -9.990000000000000000e+02 -9.990000000000000000e+02 -9.990000000000000000e+02
-9.990000000000000000e+02 -9.990000000000000000e+02 -9.990000000000000000e+02 -9.990000000000000000e+02 -9.990000000000000000e+02 -9.990000000000000000e+02 -9.990000000000000000e+02 -9.990000000000000000e+02 -9.990000000000000000e+02 -9.990000000000000000e+02 -9.990000000000000000e+02 -9.990000000000000000e+02 -9.990000000000000000e+02 -9.990000000000000000e+02 -9.990000000000000000e+02 -9.990000000000000000e+02 -9.990000000000000000e+02 -9.990000000000000000e+02 -9.990000000000000000e+02 -9.990000000000000000e+02 -9.990000000000000000e+02 -9.990000000000000000e+02 -9.990000000000000000e+02 -9.990000000000000000e+02 -9.990000000000000000e+02 -9.990000000000000000e+02 -9.990000000000000000e+02 -9.990000000000000000e+02 -9.990000000000000000e+02 -9.990000000000000000e+02 -9.990000000000000000e+02 -9.990000000000000000e+02 -9.990000000000000000e+02 -9.990000000000000000e+02 -9.990000000000000000e+02 -9.990000000000000000e+02
-9.990000000000000000e+02 -9.990000000000000000e+02 -9.990000000000000000e+02 -1.070352955153512697e+00 -9.990000000000000000e+02 -9.990000000000000000e+02 -9.990000000000000000e+02 -9.990000000000000000e+02 -9.990000000000000000e+02 7.493616844514618958e-01 -9.990000000000000000e+02 -9.990000000000000000e+02 -9.990000000000000000e+02 -9.990000000000000000e+02 -9.990000000000000000e+02 8.032137357541048184e-01 -9.990000000000000000e+02 -9.990000000000000000e+02 -9.990000000000000000e+02 -9.990000000000000000e+02 -9.990000000000000000e+02 -1.309956210979438040e+00 -9.990000000000000000e+02 -9.990000000000000000e+02 -9.990000000000000000e+02 -9.990000000000000000e+02 -9.990000000000000000e+02 4.359095445470885233e-01 -9.990000000000000000e+02 -9.990000000000000000e+02 -9.990000000000000000e+02 -9.990000000000000000e+02 -9.990000000000000000e+02 5.850472189306464843e-01 -9.990000000000000000e+02 -9.990000000000000000e+02
-9.990000000000000000e+02 -9.990000000000000000e+02 -9.990000000000000000e+02 -9.990000000000000000e+02 -9.990000000000000000e+02 -9.990000000000000000e+02 -9.990000000000000000e+02 -9.990000000000000000e+02 -9.990000000000000000e+02 -9.990000000000000000e+02 -9.990000000000000000e+02 -9.990000000000000000e+02 -9.990000000000000000e+02 -9.990000000000000000e+02 -9.990000000000000000e+02 -9.990000000000000000e+02 -9.990000000000000000e+02 -9.990000000000000000e+02 -9.990000000000000000e+02 -9.990000000000000000e+02 -9.990000000000000000e+02 -9.990000000000000000e+02 -9.990000000000000000e+02 -9.990000000000000000e+02 -9.990000000000000000e+02 -9.990000000000000000e+02 -9.990000000000000000e+02 -9.990000000000000000e+02 -9.990000000000000000e+02 -9.990000000000000000e+02 -9.990000000000000000e+02 -9.990000000000000000e+02 -9.990000000000000000e+02 -9.990000000000000000e+02 -9.990000000000000000e+02 -9.990000000000000000e+02
-9.990000000000000000e+02 -9.990000000000000000e+02 -9.990000000000000000e+02 -9.990000000000000000e+02 -9.990000000000000000e+02 -9.990000000000000000e+02 -9.990000000000000000e+02 -9.990000000000000000e+02 -9.990000000000000000e+02 -9.990000000000000000e+02 -9.990000000000000000e+02 -9.990000000000000000e+02 -9.990000000000000000e+02 -9.990000000000000000e+02 -9.990000000000000000e+02 -9.990000000000000000e+02 -9.990000000000000000e+02 -9.990000000000000000e+02 -9.990000000000000000e+02 -9.990000000000000000e+02 -9.990000000000000000e+02 -9.990000000000000000e+02 -9.990000000000000000e+02 -9.990000000000000000e+02 -9.990000000000000000e+02 -9.990000000000000000e+02 -9.990000000000000000e+02 -9.990000000000000000e+02 -9.990000000000000000e+02 -9.990000000000000000e+02 -9.990000000000000000e+02 -9.990000000000000000e+02 -9.990000000000000000e+02 -9.990000000000000000e+02 -9.990000000000000000e+02 -9.990000000000000000e+02
-9.990000000000000000e+02 -9.990000000000000000e+02 -9.990000000000000000e+02 -9.990000000000000000e+02 -9.990000000000000000e+02 -9.990000000000000000e+02 -9.990000000000000000e+02 -9.990000000000000000e+02 -9.990000000000000000e+02 -9.990000000000000000e+02 -9.990000000000000000e+02 -9.990000000000000000e+02 -9.990000000000000000e+02 -9.990000000000000000e+02 -9.990000000000000000e+02 -9.990000000000000000e+02 -9.990000000000000000e+02 -9.990000000000000000e+02 -9.990000000000000000e+02 -9.990000000000000000e+02 -9.990000000000000000e+02 -9.990000000000000000e+02 -9.990000000000000000e+02 -9.990000000000000000e+02 -9.990000000000000000e+02 -9.990000000000000000e+02 -9.990000000000000000e+02 -9.990000000000000000e+02 -9.990000000000000000e+02 -9.990000000000000000e+02 -9.990000000000000000e+02 -9.990000000000000000e+02 -9.990000000000000000e+02 -9.990000000000000000e+02 -9.990000000000000000e+02 -9.990000000000000000e+02
-9.990000000000000000e+02 -9.990000000000000000e+02 -9.990000000000000000e+02 -9.990000000000000000e+02 -9.990000000000000000e+02 -9.990000000000000000e+02 -9.990000000000000000e+02 -9.990000000000000000e+02 -9.990000000000000000e+02 -9.990000000000000000e+02 -9.990000000000000000e+02 -9.990000000000000000e+02 -9.990000000000000000e+02 -9.990000000000000000e+02 -9.990000000000000000e+02 -9.990000000000000000e+02 -9.990000000000000000e+02 -9.990000000000000000e+02 -9.990000000000000000e+02 -9.990000000000000000e+02 -9.990000000000000000e+02 -9.990000000000000000e+02 -9.990000000000000000e+02 -9.990000000000000000e+02 -9.990000000000000000e+02 -9.990000000000000000e+02 -9.990000000000000000e+02 -9.990000000000000000e+02 -9.990000000000000000e+02 -9.990000000000000000e+02 -9.990000000000000000e+02 -9.990000000000000000e+02 -9.990000000000000000e+02 -9.990000000000000000e+02 -9.990000000000000000e+02 -9.990000000000000000e+02
-9.990000000000000000e+02 -9.990000000000000000e+02 -9.990000000000000000e+02 1.148460766070376282e+00 -9.990000000000000000e+02 -9.990000000000000000e+02 -9.990000000000000000e+02 -9.990000000000000000e+02 -9.990000000000000000e+02 2.623932969978408636e-01 -9.990000000000000000e+02 -9.990000000000000000e+02 -9.990000000000000000e+02 -9.990000000000000000e+02 -9.990000000000000000e+02 -1.008118341447031607e+00 -9.990000000000000000e+02 -9.990000000000000000e+02 -9.990000000000000000e+02 -9.990000000000000000e+02 -9.990000000000000000e+02 7.691590720827732319e-01 -9.990000000000000000e+02 -9.990000000000000000e+02 -9.990000000000000000e+02 -9.990000000000000000e+02 -9.990000000000000000e+02 2.913344909913621050e-01 -9.990000000000000000e+02 -9.990000000000000000e+02 -9.990000000000000000e+02 -9.990000000000000000e+02 -9.990000000000000000e+02 -8.319480137004738873e-01 -9.990000000000000000e+02 -9.990000000000000000e+02
-9.990000000000000000e+02 -9.990000000000000000e+02 -9.990000000000000000e+02 -9.990000000000000000e+02 -9.990000000000000000e+02 -9.990000000000000000e+02 -9.990000000000000000e+02 -9.990000000000000000e+02 -9.990000000000000000e+02 -9.990000000000000000e+02 -9.990000000000000000e+02 -9.990000000000000000e+02 -9.990000000000000000e+02 -9.990000000000000000e+02 -9.990000000000000000e+02 -9.990000000000000000e+02 -9.990000000000000000e+02 -9.990000000000000000e+02 -9.990000000000000000e+02 -9.990000000000000000e+02 -9.990000000000000000e+02 -9.990000000000000000e+02 -9.990000000000000000e+02 -9.990000000000000000e+02 -9.990000000000000000e+02 -9.990000000000000000e+02 -9.990000000000000000e+02 -9.990000000000000000e+02 -9.990000000000000000e+02 -9.990000000000000000e+02 -9.990000000000000000e+02 -9.990000000000000000e+02 -9.990000000000000000e+02 -9.990000000000000000e+02 -9.990000000000000000e+02 -9.990000000000000000e+02
-9.990000000000000000e+02 -9.990000000000000000e+02 -9.990000000000000000e+02 -9.990000000000000000e+02 -9.990000000000000000e+02 -9.990000000000000000e+02 -9.990000000000000000e+02 -9.990000000000000000e+02 -9.990000000000000000e+02 -9.990000000000000000e+02 -9.990000000000000000e+02 -9.990000000000000000e+02 -9.990000000000000000e+02 -9.990000000000000000e+02 -9.990000000000000000e+02 -9.990000000000000000e+02 -9.990000000000000000e+02 -9.990000000000000000e+02 -9.990000000000000000e+02 -9.990000000000000000e+02 -9.990000000000000000e+02 -9.990000000000000000e+02 -9.990000000000000000e+02 -9.990000000000000000e+02 -9.990000000000000000e+02 -9.990000000000000000e+02 -9.990000000000000000e+02 -9.990000000000000000e+02 -9.990000000000000000e+02 -9.990000000000000000e+02 -9.990000000000000000e+02 -9.990000000000000000e+02 -9.990000000000000000e+02 -9.990000000000000000e+02 -9.990000000000000000e+02 -9.990000000000000000e+02
-9.990000000000000000e+02 -9.990000000000000000e+02 -9.990000000000000000e+02 -9.990000000000000000e+02 -9.990000000000000000e+02 -9.990000000000000000e+02 -9.990000000000000000e+02 -9.990000000000000000e+02 -9.990000000000000000e+02 -9.990000000000000000e+02 -9.990000000000000000e+02 -9.990000000000000000e+02 -9.990000000000000000e+02 -9.990000000000000000e+02 -9.990000000000000000e+02 -9.990000000000000000e+02 -9.990000000000000000e+02 -9.990000000000000000e+02 -9.990000000000000000e+02 -9.990000000000000000e+02 -9.990000000000000000e+02 -9.990000000000000000e+02 -9.990000000000000000e+02 -9.990000000000000000e+02 -9.990000000000000000e+02 -9.990000000000000000e+02 -9.990000000000000000e+02 -9.990000000000000000e+02 -9.990000000000000000e+02 -9.990000000000000000e+02 -9.990000000000000000e+02 -9.990000000000000000e+02 -9.990000000000000000e+02 -9.990000000000000000e+02 -9.990000000000000000e+02 -9.990000000000000000e+02
-9.990000000000000000e+02 -9.990000000000000000e+02 -9.990000000000000000e+02 -9.990000000000000000e+02 -9.990000000000000000e+02 -9.990000000000000000e+02 -9.990000000000000000e+02 -9.990000000000000000e+02 -9.990000000000000000e+02 -9.990000000000000000e+02 -9.990000000000000000e+02 -9.990000000000000000e+02 -9.990000000000000000e+02 -9.990000000000000000e+02 -9.990000000000000000e+02 -9.990000000000000000e+02 -9.990000000000000000e+02 -9.990000000000000000e+02 -9.990000000000000000e+02 -9.990000000000000000e+02 -9.990000000000000000e+02 -9.990000000000000000e+02 -9.990000000000000000e+02 -9.990000000000000000e+02 -9.990000000000000000e+02 -9.990000000000000000e+02 -9.990000000000000000e+02 -9.990000000000000000e+02 -9.990000000000000000e+02 -9.990000000000000000e+02 -9.990000000000000000e+02 -9.990000000000000000e+02 -9.990000000000000000e+02 -9.990000000000000000e+02 -9.990000000000000000e+02 -9.990000000000000000e+02
-9.990000000000000000e+02 -9.990000000000000000e+02 -9.990000000000000000e+02 -7.968606829718501983e-01 -9.990000000000000000e+02 -9.990000000000000000e+02 -9.990000000000000000e+02 -9.990000000000000000e+02 -9.990000000000000000e+02 -8.457814943457120371e-01 -9.990000000000000000e+02 -9.990000000000000000e+02 -9.990000000000000000e+02 -9.990000000000000000e+02 -9.990000000000000000e+02 9.719302594514447335e-01 -9.990000000000000000e+02 -9.990000000000000000e+02 -9.990000000000000000e+02 -9.990000000000000000e+02 -9.990000000000000000e+02 -7.181742784900602139e-01 -9.990000000000000000e+02 -9.990000000000000000e+02 -9.990000000000000000e+02 -9.990000000000000000e+02 -9.990000000000000000e+02 -7.266118235282106319e-01 -9.990000000000000000e+02 -9.990000000000000000e+02 -9.990000000000000000e+02 -9.990000000000000000e+02 -9.990000000000000000e+02 1.187183039365285131e+00 -9.990000000000000000e+02 -9.990000000000000000e+02
-9.990000000000000000e+02 -9.990000000000000000e+02 -9.990000000000000000e+02 -9.990000000000000000e+02 -9.990000000000000000e+02 -9.990000000000000000e+02 -9.990000000000000000e+02 -9.990000000000000000e+02 -9.990000000000000000e+02 -9.990000000000000000e+02 -9.990000000000000000e+02 -9.990000000000000000e+02 -9.990000000000000000e+02 -9.990000000000000000e+02 -9.990000000000000000e+02 -9.990000000000000000e+02 -9.990000000000000000e+02 -9.990000000000000000e+02 -9.990000000000000000e+02 -9.990000000000000000e+02 -9.990000000000000000e+02 -9.990000000000000000e+02 -9.990000000000000000e+02 -9.990000000000000000e+02 -9.990000000000000000e+02 -9.990000000000000000e+02 -9.990000000000000000e+02 -9.990000000000000000e+02 -9.990000000000000000e+02 -9.990000000000000000e+02 -9.990000000000000000e+02 -9.990000000000000000e+02 -9.990000000000000000e+02 -9.990000000000000000e+02 -9.990000000000000000e+02 -9.990000000000000000e+02
-9.990000000000000000e+02 -9.990000000000000000e+02 -9.990000000000000000e+02 -9.990000000000000000e+02 -9.990000000000000000e+02 -9.990000000000000000e+02 -9.990000000000000000e+02 -9.990000000000000000e+02 -9.990000000000000000e+02 -9.990000000000000000e+02 -9.990000000000000000e+02 -9.990000000000000000e+02 -9.990000000000000000e+02 -9.990000000000000000e+02 -9.990000000000000000e+02 -9.990000000000000000e+02 -9.990000000000000000e+02 -9.990000000000000000e+02 -9.990000000000000000e+02 -9.990000000000000000e+02 -9.990000000000000000e+02 -9.990000000000000000e+02 -9.990000000000000000e+02 -9.990000000000000000e+02 -9.990000000000000000e+02 -9.990000000000000000e+02 -9.990000000000000000e+02 -9.990000000000000000e+02 -9.990000000000000000e+02 -9.990000000000000000e+02 -9.990000000000000000e+02 -9.990000000000000000e+02 -9.990000000000000000e+02 -9.990000000000000000e+02 -9.990000000000000000e+02 -9.990000000000000000e+02
-9.990000000000000000e+02 -9.990000000000000000e+02 -9.990000000000000000e+02 -9.990000000000000000e+02 -9.990000000000000000e+02 -9.990000000000000000e+02 -9.990000000000000000e+02 -9.990000000000000000e+02 -9.990000000000000000e+02 -9.990000000000000000e+02 -9.990000000000000000e+02 -9.990000000000000000e+02 -9.990000000000000000e+02 -9.990000000000000000e+02 -9.990000000000000000e+02 -9.990000000000000000e+02 -9.990000000000000000e+02 -9.990000000000000000e+02 -9.990000000000000000e+02 -9.990000000000000000e+02 -9.990000000000000000e+02 -9.990000000000000000e+02 -9.990000000000000000e+02 -9.990000000000000000e+02 -9.990000000000000000e+02 -9.990000000000000000e+02 -9.990000000000000000e+02 -9.990000000000000000e+02 -9.990000000000000000e+02 -9.990000000000000000e+02 -9.990000000000000000e+02 -9.990000000000000000e+02 -9.990000000000000000e+02 -9.990000000000000000e+02 -9.990000000000000000e+02 -9.990000000000000000e+02
-9.990000000000000000e+02 -9.990000000000000000e+02 -9.990000000000000000e+02 -9.990000000000000000e+02 -9.990000000000000000e+02 -9.990000000000000000e+02 -9.990000000000000000e+02 -9.990000000000000000e+02 -9.990000000000000000e+02 -9.990000000000000000e+02 -9.990000000000000000e+02 -9.990000000000000000e+02 -9.990000000000000000e+02 -9.990000000000000000e+02 -9.990000000000000000e+02 -9.990000000000000000e+02 -9.990000000000000000e+02 -9.990000000000000000e+02 -9.990000000000000000e+02 -9.990000000000000000e+02 -9.990000000000000000e+02 -9.990000000000000000e+02 -9.990000000000000000e+02 -9.990000000000000000e+02 -9.990000000000000000e+02 -9.990000000000000000e+02 -9.990000000000000000e+02 -9.990000000000000000e+02 -9.990000000000000000e+02 -9.990000000000000000e+02 -9.990000000000000000e+02 -9.990000000000000000e+02 -9.990000000000000000e+02 -9.990000000000000000e+02 -9.990000000000000000e+02 -9.990000000000000000e+02
