3.190129316832540640e-01 2.845775927086031665e-01 2.418999687922874509e-01 1.945696151615076419e-01 1.462250186899058391e-01 1.002169652033105818e-01 5.932408695985982167e-02 2.554731690320551779e-02 -3.504141421473150207e-17 -1.710100716628345716e-02 -2.634942227366373138e-02 -2.898524861223873358e-02 -2.667644181307873147e-02 -2.127555275252612094e-02 -1.458143995455888318e-02 -8.133621236723403633e-03 -3.061163403666683405e-03 3.053113317719180733e-17 9.167165875006693526e-04 6.661338147750938996e-17 -2.108758240104197015e-03 -4.587385210634553449e-03 -6.595437592678721206e-03 -7.426289144248148996e-03 -6.628041973443554377e-03 -4.077690816363971349e-03 -7.216449660063517759e-17 5.069530053639059383e-03 1.037047653929691095e-02 1.503837331804359044e-02 1.824235790956897987e-02 1.931926794126688843e-02 1.788462772086335528e-02 1.390436073474607404e-02 7.716611186516642365e-03 -8.326672684688674053e-17
6.166492028423492533e-01 5.669703083029111745e-01 4.979245014741300324e-01 4.149116508434558814e-01 3.240535297249824143e-01 2.316475555474400427e-01 1.436321939864105834e-01 6.511425751592610223e-02 -3.053113317719180733e-17 -4.924038765061043016e-02 -8.166009582939433298e-02 -9.777571865435323584e-02 -9.937569869175981452e-02 -8.922534749999062875e-02 -7.070541324068549405e-02 -4.742558819715998047e-02 -2.285411248917430457e-02 8.118505867571456709e-17 1.882387079153647128e-02 3.213938048432699729e-02 3.933810107472701656e-02 4.061892358833903149e-02 3.684501957722210314e-02 2.934441197187718717e-02 1.968273621891864986e-02 9.437455226316148957e-03 -5.134781488891349246e-17 -7.573407201769436110e-03 -1.264925992830543723e-02 -1.503837331804367197e-02 -1.495596942389555359e-02 -1.293204060382191489e-02 -9.689164799625244601e-03 -6.007730125954497021e-03 -2.598521987396079733e-03 1.165734175856414417e-16
8.399084793656828030e-01 7.809780371253108866e-01 6.938919906951969141e-01 5.852092179898819024e-01 4.627964025544802351e-01 3.351380319387359807e-01 2.106161386327804474e-01 9.682745768813272313e-02 1.665334536937734749e-17 -7.544065067354890908e-02 -1.271213566534401262e-01 -1.547729940108310553e-01 -1.600887796791025108e-01 -1.464132485130729966e-01 -1.183012701892219160e-01 -8.099732929388153702e-02 -3.989051831770963619e-02 2.220446049250313204e-17 3.446058836736760195e-02 6.040227735550542792e-02 7.604020483140669362e-02 8.092599073109231489e-02 7.584142361153461964e-02 6.257574392679719766e-02 4.361948593703040417e-02 2.181430488669726386e-02 -6.383782391594649614e-17 -1.930287977705831201e-02 -3.414330896536012933e-02 -4.330127018922203669e-02 -4.635038611823789900e-02 -4.362355419549720364e-02 -3.609430104843615317e-02 -2.519520006881140889e-02 -1.260023505952881893e-02 -9.159339953157540965e-17
9.618623975485419697e-01 9.007882886621247920e-01 8.061658650833114503e-01 6.849219166785124324e-01 5.457191990884371346e-01 3.982059155676444528e-01 2.521966685968808353e-01 1.168618374420700989e-01 -4.996003610813204555e-17 -9.254165783983236970e-02 -1.572499057536684286e-01 -1.931023620834858290e-01 -2.014927911783874204e-01 -1.859415509260656241e-01 -1.516282480121381726e-01 -1.047995970844936703e-01 -5.211553891577948294e-02 -4.440892098500626408e-17 4.594085040197564557e-02 8.137976813493738582e-02 1.035707376515166145e-01 1.114721890512533758e-01 1.056902326580922702e-01 8.825951764452281967e-02 6.229508189608553431e-02 3.156002743289072765e-02 -1.804112415015879378e-16 -2.870414017106881488e-02 -5.151917103961893563e-02 -6.634139481689380058e-02 -7.215426218787560075e-02 -6.905342333610384187e-02 -5.814593189565564479e-02 -4.134375704181898759e-02 -2.108217382381789157e-02 -1.512678871051775836e-16
9.678015150099303909e-01 9.119501783670198591e-01 8.212042384013550356e-01 7.020229238447959208e-01 5.628202062547206230e-01 4.132442888856879826e-01 2.633585583017757914e-01 1.228009549034586312e-01 2.220446049250313204e-17 -9.848077530122083256e-02 -1.684117954585634125e-01 -2.081407354015293587e-01 -2.185937983446709088e-01 -2.030425580923491125e-01 -1.666666213301817856e-01 -1.159614867893886958e-01 -5.805465637716802213e-02 5.551115123125782702e-17 5.187996786336403210e-02 9.254165783983245297e-02 1.186091109695600332e-01 1.285731962175368781e-01 1.227912398243758696e-01 1.032978909625663910e-01 7.345697160098052514e-02 3.749914489427920439e-02 -7.216449660063517759e-17 -3.464325763245733325e-02 -6.268106074451382237e-02 -8.137976813493753847e-02 -8.925526935415908913e-02 -8.615443050238727474e-02 -7.318430521369920227e-02 -5.250564674671397147e-02 -2.702129128520642729e-02 6.661338147750938996e-17
8.570094865319666244e-01 8.131174176096381823e-01 7.371932608844189438e-01 6.344496056404923534e-01 5.120367902050906306e-01 3.784393021279578440e-01 2.427555191171074378e-01 1.139284648544161421e-01 0.000000000000000000e+00 -9.254165783983241134e-02 -1.592607371377671721e-01 -1.980742642000529741e-01 -2.093291673297129063e-01 -1.956536361636835308e-01 -1.616025403784439318e-01 -1.131367097782085829e-01 -5.699152548399313151e-02 -3.885780586188047645e-17 5.156159553365098625e-02 9.254165783983232807e-02 1.193414750206286123e-01 1.301663783817028075e-01 1.250818112621450706e-01 1.058770141160191580e-01 7.575886642135729043e-02 3.891531205298083551e-02 -3.330669073875469498e-17 -3.640388694334172059e-02 -6.628268944968704335e-02 -8.660254037844397623e-02 -9.559077376884821120e-02 -9.286394184610749503e-02 -7.939557123765801638e-02 -5.733458055313841312e-02 -2.970124222581208007e-02 -1.831867990631508193e-16
6.428494658652879057e-01 6.162106959535216255e-01 5.642658962910240827e-01 4.903523015170048183e-01 3.994941803985313511e-01 2.979889503643339266e-01 1.928725816370209789e-01 9.131452053886462972e-02 -5.551115123125783010e-18 -7.544065067354895071e-02 -1.309004834800047146e-01 -1.641171134712471058e-01 -1.748163493653087097e-01 -1.646659981735395795e-01 -1.370468080575793501e-01 -9.666597584777034124e-02 -4.905437551211283553e-02 -4.440892098500626408e-17 4.502413381447491897e-02 8.137976813493737194e-02 1.056794958916208171e-01 1.160595742618879822e-01 1.122856702507710469e-01 9.568580678877103285e-02 6.892312386952906267e-02 3.563771824925467124e-02 -7.216449660063517759e-17 -3.377367022470795233e-02 -6.188964757891581708e-02 -8.137976813493734418e-02 -9.039662009744452165e-02 -8.837269127737079621e-02 -7.603055961651908334e-02 -5.524811777656481876e-02 -2.879878501033463628e-02 2.220446049250313204e-17
3.511523121675813042e-01 3.449798700641087956e-01 3.232797369272250032e-01 2.871112730013401504e-01 2.387666765297382643e-01 1.815967333382480509e-01 1.197263643153652496e-01 5.768669738753253590e-02 -1.110223024625156602e-17 -4.924038765061048567e-02 -8.675169962916912114e-02 -1.103650167471760951e-01 -1.192180996529111497e-01 -1.138172105923585253e-01 -9.596120808949629155e-02 -6.853589859222875003e-02 -3.520054388799363082e-02 -5.551115123125783010e-18 3.305609707182771695e-02 6.040227735550533772e-02 7.927100989483318316e-02 8.795427262919790212e-02 8.594622024715373176e-02 7.395347899068935305e-02 5.377423538206187181e-02 2.806168966796294614e-02 -1.665334536937734749e-17 -2.706985043068793617e-02 -5.003180081620849096e-02 -6.634139481689385609e-02 -7.429929993026336554e-02 -7.322238989856551250e-02 -6.349514041407418319e-02 -4.649791662075927756e-02 -2.442276929781039135e-02 -2.053912595556539698e-16
1.710100716628356471e-02 3.213938048432708749e-02 4.330127018922201587e-02 4.924038765061049955e-02 4.924038765061045098e-02 4.330127018922196036e-02 3.213938048432705280e-02 1.710100716628352308e-02 -1.110223024625156602e-17 -1.710100716628347797e-02 -3.213938048432705974e-02 -4.330127018922197424e-02 -4.924038765061046485e-02 -4.924038765061040240e-02 -4.330127018922191873e-02 -3.213938048432699035e-02 -1.710100716628338777e-02 0.000000000000000000e+00 1.710100716628329756e-02 3.213938048432700423e-02 4.330127018922202975e-02 4.924038765061047873e-02 4.924038765061035383e-02 4.330127018922187709e-02 3.213938048432698341e-02 1.710100716628346063e-02 1.665334536937734749e-17 -1.710100716628350920e-02 -3.213938048432694872e-02 -4.330127018922204363e-02 -4.924038765061054118e-02 -4.924038765061036771e-02 -4.330127018922189097e-02 -3.213938048432701117e-02 -1.710100716628344328e-02 -6.661338147750938996e-17
-3.190129316832541195e-01 -2.845775927086031665e-01 -2.418999687922875341e-01 -1.945696151615077252e-01 -1.462250186899058391e-01 -1.002169652033105401e-01 -5.932408695985974534e-02 -2.554731690320551432e-02 1.214306433183764966e-17 1.710100716628345022e-02 2.634942227366367934e-02 2.898524861223866073e-02 2.667644181307873841e-02 2.127555275252613481e-02 1.458143995455890053e-02 8.133621236723320366e-03 3.061163403666683405e-03 5.551115123125783010e-18 -9.167165875006075531e-04 -1.942890293094023822e-17 2.108758240104347068e-03 4.587385210634392987e-03 6.595437592678543397e-03 7.426289144248148996e-03 6.628041973443521417e-03 4.077690816363855122e-03 3.330669073875469498e-17 -5.069530053638937953e-03 -1.037047653929704973e-02 -1.503837331804341870e-02 -1.824235790956891742e-02 -1.931926794126694741e-02 -1.788462772086342120e-02 -1.390436073474611914e-02 -7.716611186516703080e-03 1.776356839400250563e-16
-6.166492028423494753e-01 -5.669703083029112856e-01 -4.979245014741301434e-01 -4.149116508434559369e-01 -3.240535297249825253e-01 -2.316475555474401538e-01 -1.436321939864106112e-01 -6.511425751592607447e-02 1.942890293094023822e-17 4.924038765061043016e-02 8.166009582939433298e-02 9.777571865435326359e-02 9.937569869175991166e-02 8.922534749999060100e-02 7.070541324068543854e-02 4.742558819716002905e-02 2.285411248917434274e-02 3.538835890992686226e-17 -1.882387079153648862e-02 -3.213938048432700423e-02 -3.933810107472707901e-02 -4.061892358833900374e-02 -3.684501957722201987e-02 -2.934441197187717676e-02 -1.968273621891855618e-02 -9.437455226316065690e-03 6.245004513516505540e-17 7.573407201769358048e-03 1.264925992830540427e-02 1.503837331804352626e-02 1.495596942389577563e-02 1.293204060382180907e-02 9.689164799625237662e-03 6.007730125954601971e-03 2.598521987396107489e-03 -1.998401444325281822e-16
-8.399084793656828030e-01 -7.809780371253107756e-01 -6.938919906951966921e-01 -5.852092179898817914e-01 -4.627964025544801241e-01 -3.351380319387359252e-01 -2.106161386327803642e-01 -9.682745768813269538e-02 2.220446049250313204e-17 7.544065067354889520e-02 1.271213566534401262e-01 1.547729940108310831e-01 1.600887796791024276e-01 1.464132485130730799e-01 1.183012701892219576e-01 8.099732929388163416e-02 3.989051831770971251e-02 -1.526556658859590243e-16 -3.446058836736749786e-02 -6.040227735550535160e-02 -7.604020483140669362e-02 -8.092599073109220387e-02 -7.584142361153453638e-02 -6.257574392679714215e-02 -4.361948593703026539e-02 -2.181430488669723611e-02 1.942890293094023822e-17 1.930287977705816976e-02 3.414330896536010851e-02 4.330127018922192567e-02 4.635038611823786431e-02 4.362355419549715507e-02 3.609430104843606990e-02 2.519520006881129787e-02 1.260023505952870271e-02 7.494005416219807141e-17
-9.618623975485419697e-01 -9.007882886621247920e-01 -8.061658650833113393e-01 -6.849219166785124324e-01 -5.457191990884371346e-01 -3.982059155676445639e-01 -2.521966685968807242e-01 -1.168618374420701544e-01 6.106226635438361465e-17 9.254165783983234195e-02 1.572499057536683731e-01 1.931023620834858290e-01 2.014927911783874204e-01 1.859415509260656241e-01 1.516282480121382281e-01 1.047995970844936425e-01 5.211553891577953845e-02 -1.110223024625156540e-16 -4.594085040197565251e-02 -8.137976813493738582e-02 -1.035707376515166561e-01 -1.114721890512534175e-01 -1.056902326580923673e-01 -8.825951764452286130e-02 -6.229508189608549962e-02 -3.156002743289074847e-02 1.415534356397074490e-16 2.870414017106881488e-02 5.151917103961881766e-02 6.634139481689393936e-02 7.215426218787560075e-02 6.905342333610395289e-02 5.814593189565557541e-02 4.134375704181905004e-02 2.108217382381791932e-02 5.273559366969493320e-17
-9.678015150099303909e-01 -9.119501783670196371e-01 -8.212042384013550356e-01 -7.020229238447956988e-01 -5.628202062547205120e-01 -4.132442888856880936e-01 -2.633585583017757914e-01 -1.228009549034585202e-01 3.330669073875469498e-17 9.848077530122083256e-02 1.684117954585633847e-01 2.081407354015294420e-01 2.185937983446709920e-01 2.030425580923491680e-01 1.666666213301816746e-01 1.159614867893886264e-01 5.805465637716798050e-02 1.665334536937734749e-17 -5.187996786336400434e-02 -9.254165783983248073e-02 -1.186091109695600887e-01 -1.285731962175368781e-01 -1.227912398243758280e-01 -1.032978909625663355e-01 -7.345697160098055289e-02 -3.749914489427905173e-02 7.771561172376095290e-17 3.464325763245743039e-02 6.268106074451387788e-02 8.137976813493733030e-02 8.925526935415914465e-02 8.615443050238728862e-02 7.318430521369929942e-02 5.250564674671388821e-02 2.702129128520638912e-02 6.106226635438361465e-17
-8.570094865319666244e-01 -8.131174176096379602e-01 -7.371932608844188328e-01 -6.344496056404924644e-01 -5.120367902050906306e-01 -3.784393021279580660e-01 -2.427555191171074378e-01 -1.139284648544161421e-01 2.220446049250313204e-17 9.254165783983234195e-02 1.592607371377671444e-01 1.980742642000530851e-01 2.093291673297127675e-01 1.956536361636833921e-01 1.616025403784439596e-01 1.131367097782085551e-01 5.699152548399312457e-02 -9.436895709313830347e-17 -5.156159553365111808e-02 -9.254165783983230031e-02 -1.193414750206286679e-01 -1.301663783817026687e-01 -1.250818112621449318e-01 -1.058770141160191025e-01 -7.575886642135724880e-02 -3.891531205298081469e-02 -5.551115123125782702e-17 3.640388694334167896e-02 6.628268944968711274e-02 8.660254037844387909e-02 9.559077376884830834e-02 9.286394184610767544e-02 7.939557123765794699e-02 5.733458055313837148e-02 2.970124222581216333e-02 1.165734175856414417e-16
-6.428494658652882388e-01 -6.162106959535220696e-01 -5.642658962910243048e-01 -4.903523015170051513e-01 -3.994941803985315176e-01 -2.979889503643341486e-01 -1.928725816370210899e-01 -9.131452053886461584e-02 5.551115123125783010e-18 7.544065067354903398e-02 1.309004834800047423e-01 1.641171134712471058e-01 1.748163493653089040e-01 1.646659981735395795e-01 1.370468080575795167e-01 9.666597584777041063e-02 4.905437551211273839e-02 -1.054711873393898664e-16 -4.502413381447478713e-02 -8.137976813493738582e-02 -1.056794958916208171e-01 -1.160595742618879822e-01 -1.122856702507711441e-01 -9.568580678877100509e-02 -6.892312386952911818e-02 -3.563771824925485165e-02 -1.110223024625156602e-17 3.377367022470795926e-02 6.188964757891581708e-02 8.137976813493751072e-02 9.039662009744453552e-02 8.837269127737074070e-02 7.603055961651916661e-02 5.524811777656497835e-02 2.879878501033463628e-02 -4.996003610813204555e-17
-3.511523121675813597e-01 -3.449798700641088511e-01 -3.232797369272250587e-01 -2.871112730013402059e-01 -2.387666765297383475e-01 -1.815967333382480509e-01 -1.197263643153652496e-01 -5.768669738753253590e-02 2.775557561562891351e-17 4.924038765061047179e-02 8.675169962916909339e-02 1.103650167471761645e-01 1.192180996529110387e-01 1.138172105923584559e-01 9.596120808949623604e-02 6.853589859222877778e-02 3.520054388799372797e-02 -2.220446049250313204e-17 -3.305609707182782797e-02 -6.040227735550537241e-02 -7.927100989483318316e-02 -8.795427262919792988e-02 -8.594622024715370401e-02 -7.395347899068942243e-02 -5.377423538206192039e-02 -2.806168966796311268e-02 6.661338147750938996e-17 2.706985043068782515e-02 5.003180081620841463e-02 6.634139481689382833e-02 7.429929993026342105e-02 7.322238989856547087e-02 6.349514041407396114e-02 4.649791662075926368e-02 2.442276929781032196e-02 1.276756478318929923e-16
-1.710100716628370349e-02 -3.213938048432721933e-02 -4.330127018922219628e-02 -4.924038765061061057e-02 -4.924038765061056200e-02 -4.330127018922196036e-02 -3.213938048432692790e-02 -1.710100716628343981e-02 5.551115123125783010e-18 1.710100716628347103e-02 3.213938048432701811e-02 4.330127018922198812e-02 4.924038765061040934e-02 4.924038765061047873e-02 4.330127018922193954e-02 3.213938048432692096e-02 1.710100716628341205e-02 1.110223024625156602e-17 -1.710100716628335654e-02 -3.213938048432707362e-02 -4.330127018922208526e-02 -4.924038765061059669e-02 -4.924038765061034689e-02 -4.330127018922198118e-02 -3.213938048432696259e-02 -1.710100716628358899e-02 -1.887379141862766069e-16 1.710100716628344328e-02 3.213938048432698341e-02 4.330127018922198812e-02 4.924038765061047873e-02 4.924038765061040240e-02 4.330127018922194648e-02 3.213938048432708749e-02 1.710100716628354389e-02 3.330669073875469498e-17
