4.965682429548493038e-01 6.030223568127646150e-01 6.760928830316543792e-01 7.056256255414434797e-01 6.841274372684665872e-01 6.079378996705788740e-01 4.780969832919564899e-01 3.007749945657912649e-01 8.717510252883493849e-02 -1.471238732380484304e-01 -3.833524427026751558e-01 -6.011675661531821202e-01 -7.805509424199155166e-01 -9.037973513785561019e-01 -9.573822693873796918e-01 -9.335017523033954934e-01 -8.311050804557021943e-01 -6.562893863557256457e-01 -4.219904105888424017e-01 -1.469776431872355238e-01 1.457627971417435886e-01 4.311065727031143102e-01 6.841274372684655880e-01 8.824569525089073219e-01 1.008427069181867086e+00 1.050774994565791376e+00 1.005733756072527019e+00 8.773951796002809056e-01 6.773077290771462033e-01 4.233514866851474379e-01 1.380077111237761056e-01 -1.537973513785546587e-01 -4.270521834974684294e-01 -6.589826994650654912e-01 -8.311050804557013061e-01 -9.308084391940545377e-01
2.295550913241193314e-01 3.682296664826035792e-01 4.965682429548493038e-01 6.030223568127646150e-01 6.760928830316543792e-01 7.056256255414434797e-01 6.841274372684665872e-01 6.079378996705788740e-01 4.780969832919564899e-01 3.007749945657910429e-01 8.717510252883456379e-02 -1.471238732380480696e-01 -3.833524427026751558e-01 -6.011675661531821202e-01 -7.805509424199155166e-01 -9.037973513785558799e-01 -9.573822693873796918e-01 -9.335017523033954934e-01 -8.311050804557019722e-01 -6.562893863557250906e-01 -4.219904105888422907e-01 -1.469776431872355238e-01 1.457627971417423673e-01 4.311065727031143102e-01 6.841274372684655880e-01 8.824569525089076549e-01 1.008427069181867086e+00 1.050774994565791154e+00 1.005733756072527019e+00 8.773951796002803505e-01 6.773077290771462033e-01 4.233514866851478264e-01 1.380077111237761056e-01 -1.537973513785546587e-01 -4.270521834974687070e-01 -6.589826994650654912e-01
-3.882361584368818758e-02 9.101730053493409245e-02 2.295550913241193314e-01 3.682296664826035792e-01 4.965682429548493593e-01 6.030223568127646150e-01 6.760928830316543792e-01 7.056256255414434797e-01 6.841274372684665872e-01 6.079378996705785410e-01 4.780969832919567120e-01 3.007749945657912649e-01 8.717510252883493849e-02 -1.471238732380484304e-01 -3.833524427026751558e-01 -6.011675661531821202e-01 -7.805509424199155166e-01 -9.037973513785561019e-01 -9.573822693873796918e-01 -9.335017523033949383e-01 -8.311050804557016392e-01 -6.562893863557250906e-01 -4.219904105888424017e-01 -1.469776431872355238e-01 1.457627971417435886e-01 4.311065727031143102e-01 6.841274372684664762e-01 8.824569525089076549e-01 1.008427069181867308e+00 1.050774994565791154e+00 1.005733756072526131e+00 8.773951796002809056e-01 6.773077290771462033e-01 4.233514866851474379e-01 1.380077111237761056e-01 -1.537973513785557689e-01
-2.502208565300046428e-01 -1.537973513785558799e-01 -3.882361584368818758e-02 9.101730053493409245e-02 2.295550913241194146e-01 3.682296664826035792e-01 4.965682429548493593e-01 6.030223568127646150e-01 6.760928830316543792e-01 7.056256255414432577e-01 6.841274372684666982e-01 6.079378996705788740e-01 4.780969832919564899e-01 3.007749945657910429e-01 8.717510252883456379e-02 -1.471238732380480696e-01 -3.833524427026751558e-01 -6.011675661531821202e-01 -7.805509424199155166e-01 -9.037973513785561019e-01 -9.573822693873796918e-01 -9.335017523033949383e-01 -8.311050804557021943e-01 -6.562893863557256457e-01 -4.219904105888424017e-01 -1.469776431872355238e-01 1.457627971417435886e-01 4.311065727031143102e-01 6.841274372684664762e-01 8.824569525089076549e-01 1.008427069181867308e+00 1.050774994565791376e+00 1.005733756072527019e+00 8.773951796002809056e-01 6.773077290771462033e-01 4.233514866851474379e-01
-3.833524427026753223e-01 -3.266485133148533948e-01 -2.502208565300050314e-01 -1.537973513785560187e-01 -3.882361584368818758e-02 9.101730053493381489e-02 2.295550913241193869e-01 3.682296664826034682e-01 4.965682429548494703e-01 6.030223568127646150e-01 6.760928830316543792e-01 7.056256255414432577e-01 6.841274372684665872e-01 6.079378996705788740e-01 4.780969832919564899e-01 3.007749945657915980e-01 8.717510252883506339e-02 -1.471238732380480696e-01 -3.833524427026751558e-01 -6.011675661531821202e-01 -7.805509424199155166e-01 -9.037973513785561019e-01 -9.573822693873796918e-01 -9.335017523033954934e-01 -8.311050804557021943e-01 -6.562893863557256457e-01 -4.219904105888424017e-01 -1.469776431872355238e-01 1.457627971417435886e-01 4.311065727031143102e-01 6.841274372684664762e-01 8.824569525089073219e-01 1.008427069181867086e+00 1.050774994565791376e+00 1.005733756072527019e+00 8.773951796002809056e-01
-4.431549833610757827e-01 -4.216429260763773224e-01 -3.833524427026753223e-01 -3.266485133148531728e-01 -2.502208565300046428e-01 -1.537973513785558799e-01 -3.882361584368796553e-02 9.101730053493409245e-02 2.295550913241194146e-01 3.682296664826037458e-01 4.965682429548494703e-01 6.030223568127646150e-01 6.760928830316543792e-01 7.056256255414432577e-01 6.841274372684666982e-01 6.079378996705788740e-01 4.780969832919564899e-01 3.007749945657910429e-01 8.717510252883456379e-02 -1.471238732380484304e-01 -3.833524427026757109e-01 -6.011675661531825643e-01 -7.805509424199154056e-01 -9.037973513785558799e-01 -9.573822693873796918e-01 -9.335017523033954934e-01 -8.311050804557019722e-01 -6.562893863557250906e-01 -4.219904105888422907e-01 -1.469776431872355238e-01 1.457627971417450596e-01 4.311065727031143102e-01 6.841274372684655880e-01 8.824569525089076549e-01 1.008427069181867086e+00 1.050774994565791154e+00
-4.404616702517351601e-01 -4.492250054342086796e-01 -4.431549833610759492e-01 -4.216429260763773224e-01 -3.833524427026753223e-01 -3.266485133148533948e-01 -2.502208565300048093e-01 -1.537973513785560187e-01 -3.882361584368818758e-02 9.101730053493409245e-02 2.295550913241194146e-01 3.682296664826034682e-01 4.965682429548494703e-01 6.030223568127646150e-01 6.760928830316543792e-01 7.056256255414432577e-01 6.841274372684665872e-01 6.079378996705788740e-01 4.780969832919564899e-01 3.007749945657910429e-01 8.717510252883456379e-02 -1.471238732380484304e-01 -3.833524427026747672e-01 -6.011675661531818982e-01 -7.805509424199154056e-01 -9.037973513785558799e-01 -9.573822693873796918e-01 -9.335017523033954934e-01 -8.311050804557019722e-01 -6.562893863557250906e-01 -4.219904105888422907e-01 -1.469776431872363842e-01 1.457627971417423673e-01 4.311065727031143102e-01 6.841274372684655880e-01 8.824569525089076549e-01
-3.765327345113548274e-01 -4.165811531677505175e-01 -4.404616702517351601e-01 -4.492250054342088461e-01 -4.431549833610757827e-01 -4.216429260763773224e-01 -3.833524427026752668e-01 -3.266485133148531728e-01 -2.502208565300046428e-01 -1.537973513785557134e-01 -3.882361584368787533e-02 9.101730053493409245e-02 2.295550913241194146e-01 3.682296664826037458e-01 4.965682429548494703e-01 6.030223568127646150e-01 6.760928830316543792e-01 7.056256255414432577e-01 6.841274372684666982e-01 6.079378996705785410e-01 4.780969832919564344e-01 3.007749945657908208e-01 8.717510252883506339e-02 -1.471238732380480696e-01 -3.833524427026751558e-01 -6.011675661531821202e-01 -7.805509424199155166e-01 -9.037973513785561019e-01 -9.573822693873796918e-01 -9.335017523033949383e-01 -8.311050804557016392e-01 -6.562893863557256457e-01 -4.219904105888424017e-01 -1.469776431872355238e-01 1.457627971417435886e-01 4.311065727031143102e-01
-2.424657705120369933e-01 -3.188934272968858563e-01 -3.765327345113547164e-01 -4.165811531677504620e-01 -4.404616702517351601e-01 -4.492250054342086796e-01 -4.431549833610759492e-01 -4.216429260763773224e-01 -3.833524427026753223e-01 -3.266485133148531728e-01 -2.502208565300046428e-01 -1.537973513785560187e-01 -3.882361584368818758e-02 9.101730053493409245e-02 2.295550913241194146e-01 3.682296664826034682e-01 4.965682429548494703e-01 6.030223568127646150e-01 6.760928830316543792e-01 7.056256255414432577e-01 6.841274372684666982e-01 6.079378996705785410e-01 4.780969832919568785e-01 3.007749945657915980e-01 8.717510252883506339e-02 -1.471238732380480696e-01 -3.833524427026751558e-01 -6.011675661531821202e-01 -7.805509424199155166e-01 -9.037973513785561019e-01 -9.573822693873796918e-01 -9.335017523033954934e-01 -8.311050804557021943e-01 -6.562893863557256457e-01 -4.219904105888424017e-01 -1.469776431872355238e-01
-3.376184293506158396e-02 -1.469776431872353295e-01 -2.424657705120372708e-01 -3.188934272968856343e-01 -3.765327345113547164e-01 -4.165811531677501844e-01 -4.404616702517351046e-01 -4.492250054342086796e-01 -4.431549833610759492e-01 -4.216429260763773224e-01 -3.833524427026753223e-01 -3.266485133148533948e-01 -2.502208565300050314e-01 -1.537973513785560187e-01 -3.882361584368818758e-02 9.101730053493373163e-02 2.295550913241193314e-01 3.682296664826034682e-01 4.965682429548494703e-01 6.030223568127646150e-01 6.760928830316543792e-01 7.056256255414432577e-01 6.841274372684666982e-01 6.079378996705788740e-01 4.780969832919568785e-01 3.007749945657915980e-01 8.717510252883506339e-02 -1.471238732380480696e-01 -3.833524427026751558e-01 -6.011675661531821202e-01 -7.805509424199155166e-01 -9.037973513785557689e-01 -9.573822693873796918e-01 -9.335017523033954934e-01 -8.311050804557021943e-01 -6.562893863557256457e-01
2.295550913241191926e-01 9.371061364427483997e-02 -3.376184293506158396e-02 -1.469776431872353295e-01 -2.424657705120372708e-01 -3.188934272968856343e-01 -3.765327345113546054e-01 -4.165811531677501844e-01 -4.404616702517351046e-01 -4.492250054342086796e-01 -4.431549833610759492e-01 -4.216429260763773224e-01 -3.833524427026752668e-01 -3.266485133148533948e-01 -2.502208565300050314e-01 -1.537973513785562685e-01 -3.882361584368830554e-02 9.101730053493373163e-02 2.295550913241193314e-01 3.682296664826034682e-01 4.965682429548494703e-01 6.030223568127646150e-01 6.760928830316542681e-01 7.056256255414431466e-01 6.841274372684666982e-01 6.079378996705788740e-01 4.780969832919568785e-01 3.007749945657915980e-01 8.717510252883506339e-02 -1.471238732380480696e-01 -3.833524427026751558e-01 -6.011675661531813430e-01 -7.805509424199148505e-01 -9.037973513785557689e-01 -9.573822693873796918e-01 -9.335017523033954934e-01
4.915064700462223324e-01 3.655363533732626791e-01 2.295550913241188040e-01 9.371061364427483997e-02 -3.376184293506197254e-02 -1.469776431872353295e-01 -2.424657705120369933e-01 -3.188934272968858563e-01 -3.765327345113548274e-01 -4.165811531677505175e-01 -4.404616702517352711e-01 -4.492250054342088461e-01 -4.431549833610757827e-01 -4.216429260763772113e-01 -3.833524427026752668e-01 -3.266485133148531728e-01 -2.502208565300046428e-01 -1.537973513785557134e-01 -3.882361584368787533e-02 9.101730053493414796e-02 2.295550913241197200e-01 3.682296664826040233e-01 4.965682429548494703e-01 6.030223568127646150e-01 6.760928830316543792e-01 7.056256255414432577e-01 6.841274372684666982e-01 6.079378996705785410e-01 4.780969832919564344e-01 3.007749945657908208e-01 8.717510252883414745e-02 -1.471238732380480696e-01 -3.833524427026751558e-01 -6.011675661531821202e-01 -7.805509424199155166e-01 -9.037973513785561019e-01
6.683377970136865631e-01 5.962026486214437870e-01 4.915064700462223324e-01 3.655363533732630121e-01 2.295550913241188040e-01 9.371061364427483997e-02 -3.376184293506158396e-02 -1.469776431872353295e-01 -2.424657705120369933e-01 -3.188934272968858563e-01 -3.765327345113548274e-01 -4.165811531677504620e-01 -4.404616702517351601e-01 -4.492250054342088461e-01 -4.431549833610757827e-01 -4.216429260763773224e-01 -3.833524427026753223e-01 -3.266485133148531728e-01 -2.502208565300046428e-01 -1.537973513785557134e-01 -3.882361584368787533e-02 9.101730053493414796e-02 2.295550913241193314e-01 3.682296664826034682e-01 4.965682429548494703e-01 6.030223568127646150e-01 6.760928830316543792e-01 7.056256255414432577e-01 6.841274372684666982e-01 6.079378996705785410e-01 4.780969832919564344e-01 3.007749945657915980e-01 8.717510252883506339e-02 -1.471238732380480696e-01 -3.833524427026751558e-01 -6.011675661531821202e-01
6.773077290771458703e-01 6.978705395234758857e-01 6.683377970136865631e-01 5.962026486214442311e-01 4.915064700462223324e-01 3.655363533732630121e-01 2.295550913241191926e-01 9.371061364427483997e-02 -3.376184293506158396e-02 -1.469776431872353295e-01 -2.424657705120369933e-01 -3.188934272968856343e-01 -3.765327345113547164e-01 -4.165811531677504620e-01 -4.404616702517351601e-01 -4.492250054342086796e-01 -4.431549833610759492e-01 -4.216429260763773224e-01 -3.833524427026753223e-01 -3.266485133148531728e-01 -2.502208565300046428e-01 -1.537973513785557134e-01 -3.882361584368830554e-02 9.101730053493373163e-02 2.295550913241193314e-01 3.682296664826034682e-01 4.965682429548494703e-01 6.030223568127646150e-01 6.760928830316543792e-01 7.056256255414432577e-01 6.841274372684666982e-01 6.079378996705788740e-01 4.780969832919568785e-01 3.007749945657915980e-01 8.717510252883506339e-02 -1.471238732380480696e-01
4.754036701826159228e-01 6.028761267619520137e-01 6.773077290771458703e-01 6.978705395234753306e-01 6.683377970136865631e-01 5.962026486214442311e-01 4.915064700462229430e-01 3.655363533732630121e-01 2.295550913241191926e-01 9.371061364427483997e-02 -3.376184293506158396e-02 -1.469776431872353295e-01 -2.424657705120372708e-01 -3.188934272968856343e-01 -3.765327345113547164e-01 -4.165811531677501844e-01 -4.404616702517351046e-01 -4.492250054342086796e-01 -4.431549833610759492e-01 -4.216429260763773224e-01 -3.833524427026753223e-01 -3.266485133148531728e-01 -2.502208565300050314e-01 -1.537973513785562685e-01 -3.882361584368830554e-02 9.101730053493373163e-02 2.295550913241193314e-01 3.682296664826034682e-01 4.965682429548494703e-01 6.030223568127646150e-01 6.760928830316543792e-01 7.056256255414431466e-01 6.841274372684666982e-01 6.079378996705788740e-01 4.780969832919568785e-01 3.007749945657915980e-01
8.986841563817615786e-02 3.007749945657922086e-01 4.754036701826165334e-01 6.028761267619524578e-01 6.773077290771458703e-01 6.978705395234758857e-01 6.683377970136865631e-01 5.962026486214437870e-01 4.915064700462223324e-01 3.655363533732626791e-01 2.295550913241188040e-01 9.371061364427483997e-02 -3.376184293506197254e-02 -1.469776431872358291e-01 -2.424657705120376594e-01 -3.188934272968858563e-01 -3.765327345113548274e-01 -4.165811531677505175e-01 -4.404616702517352711e-01 -4.492250054342087351e-01 -4.431549833610758382e-01 -4.216429260763772113e-01 -3.833524427026753223e-01 -3.266485133148531728e-01 -2.502208565300046428e-01 -1.537973513785557134e-01 -3.882361584368787533e-02 9.101730053493414796e-02 2.295550913241197200e-01 3.682296664826040233e-01 4.965682429548498034e-01 6.030223568127646150e-01 6.760928830316543792e-01 7.056256255414432577e-01 6.841274372684666982e-01 6.079378996705785410e-01
-3.765327345113538282e-01 -1.420621003294206264e-01 8.986841563817615786e-02 3.007749945657922086e-01 4.754036701826159228e-01 6.028761267619520137e-01 6.773077290771458703e-01 6.978705395234758857e-01 6.683377970136865631e-01 5.962026486214437870e-01 4.915064700462223324e-01 3.655363533732630121e-01 2.295550913241188040e-01 9.371061364427483997e-02 -3.376184293506197254e-02 -1.469776431872353295e-01 -2.424657705120369933e-01 -3.188934272968858563e-01 -3.765327345113548274e-01 -4.165811531677505175e-01 -4.404616702517352711e-01 -4.492250054342087351e-01 -4.431549833610759492e-01 -4.216429260763773224e-01 -3.833524427026753223e-01 -3.266485133148531728e-01 -2.502208565300046428e-01 -1.537973513785557134e-01 -3.882361584368787533e-02 9.101730053493414796e-02 2.295550913241197200e-01 3.682296664826034682e-01 4.965682429548494703e-01 6.030223568127646150e-01 6.760928830316543792e-01 7.056256255414432577e-01
-7.727958564019478116e-01 -5.934124801352145262e-01 -3.765327345113538282e-01 -1.420621003294206264e-01 8.986841563817610234e-02 3.007749945657914870e-01 4.754036701826159228e-01 6.028761267619520137e-01 6.773077290771458703e-01 6.978705395234758857e-01 6.683377970136865631e-01 5.962026486214442311e-01 4.915064700462223324e-01 3.655363533732630121e-01 2.295550913241188040e-01 9.371061364427483997e-02 -3.376184293506158396e-02 -1.469776431872353295e-01 -2.424657705120369933e-01 -3.188934272968858563e-01 -3.765327345113548274e-01 -4.165811531677505175e-01 -4.404616702517351046e-01 -4.492250054342086796e-01 -4.431549833610759492e-01 -4.216429260763773224e-01 -3.833524427026753223e-01 -3.266485133148531728e-01 -2.502208565300046428e-01 -1.537973513785557134e-01 -3.882361584368787533e-02 9.101730053493373163e-02 2.295550913241193314e-01 3.682296664826034682e-01 4.965682429548494703e-01 6.030223568127646150e-01
