   -0.52249856   -0.87881711   -0.99965732   -0.85264016   -0.47715876    0.02617695    0.52249856    0.87881711    0.99965732    0.85264016    0.47715876   -0.02617695
   -0.02617695   -0.52249856   -0.87881711   -0.99965732   -0.85264016   -0.47715876    0.02617695    0.52249856    0.87881711    0.99965732    0.85264016    0.47715876
    0.47715876   -0.02617695   -0.52249856   -0.87881711   -0.99965732   -0.85264016   -0.47715876    0.02617695    0.52249856    0.87881711    0.99965732    0.85264016
    0.85264016    0.47715876   -0.02617695   -0.52249856   -0.87881711   -0.99965732   -0.85264016   -0.47715876    0.02617695    0.52249856    0.87881711    0.99965732
    0.99965732    0.85264016    0.47715876   -0.02617695   -0.52249856   -0.87881711   -0.99965732   -0.85264016   -0.47715876    0.02617695    0.52249856    0.87881711
    0.87881711    0.99965732    0.85264016    0.47715876   -0.02617695   -0.52249856   -0.87881711   -0.99965732   -0.85264016   -0.47715876    0.02617695    0.52249856
    0.52249856    0.87881711    0.99965732    0.85264016    0.47715876   -0.02617695   -0.52249856   -0.87881711   -0.99965732   -0.85264016   -0.47715876    0.02617695
    0.02617695    0.52249856    0.87881711    0.99965732    0.85264016    0.47715876   -0.02617695   -0.52249856   -0.87881711   -0.99965732   -0.85264016   -0.47715876
   -0.47715876    0.02617695    0.52249856    0.87881711    0.99965732    0.85264016    0.47715876   -0.02617695   -0.52249856   -0.87881711   -0.99965732   -0.85264016
   -0.85264016   -0.47715876    0.02617695    0.52249856    0.87881711    0.99965732    0.85264016    0.47715876   -0.02617695   -0.52249856   -0.87881711   -0.99965732
   -0.99965732   -0.85264016   -0.47715876    0.02617695    0.52249856    0.87881711    0.99965732    0.85264016    0.47715876   -0.02617695   -0.52249856   -0.87881711
   -0.87881711   -0.99965732   -0.85264016   -0.47715876    0.02617695    0.52249856    0.87881711    0.99965732    0.85264016    0.47715876   -0.02617695   -0.52249856
